9 10 11 14 15
16 17 19 20 28
29 41 42 43 44
45 62 63 75 76
84 85 98 99 100
101 102 103 104 118
119 120 150 151 152
153 154 155 166 167
168 181 193 194 195
196 197 198 199 200
201 202 203 213 214
215 216 225 226 227
228 229 230 238 244
245 246 247 262 263
264 265 266 267 268
269 270 271 272 273
278 279 280 281 282
283 284 295 302 306
307 308 309 310 321
322 329 330 331 332
354 374 375 376 385
386 387 390 391 392
393 394 395 396 397
398 399 400 401 405
406 407 408 409 410
411 412 415 416 417
418 419 458 459 460
461 462 463 465 466
467 468 469 470 471
472 483 484 485 486
490 491 492 493 494
503 504 505 506 507
508 509 510 511 512
513 514 523 524 525
526 527 528 533 534
535 536 548 564 565
566 571 572 573 574
575 576 580 581 582
583 593 594 595 596
597 598 610 611 612
613 614 615 616 617
618 635 636 638 639
642 643 644 645 646
647 648 650 651 652
653 654 671 672 673
674 677 678 679 680
681 682 683 692 693
701 702 703 723 727
728 729 730 731 732
733 734 735 736 737
742 743 769 770 772
773 774 775 787 788
789 790 791 792 793
803 816 817 818 827
828 829 830 831 832
833 834 842 843 844
845 846 848 851 852
853 854 855 862 863
864 872 873 890 891
896 897 933 934 935
936 949 950 951 952
956 957 958 1047 1048
1049 1050 1051 1052 1053
1054 1055 1056 1057 1058
1059 1060 1067 1068 1069
1070 1076 1077 1078 1079
1080 1081 1082 1083 1084
1085 1086 1087 1088 1089
1110 1111 1112 1113 1114
1121 1122 1123 1124 1125
1126 1127 1128 1129 1130
1131 1132 1133 1134 1135
1145 1146 1161 1162 1163
1164 1165 1166 1167 1172
1173 1174 1175 1176 1177
1178 1179 1196 1197 1225
1226 1227 1228 1318 1319
1320 1321 1322 1323 1324
1325 1326 1327 1328 1329
1335 1336 1410 1411 1412
1413 1414 1421 1422 1423
1424 1425 1426 1427 1431
1432 1433 1497 1501 1502
1503 1504 1521 1522 1523
1524 1525 1532 1533 1534
1535 1539 1540 1541 1542
1543 1544 1545 1546 1547
1548 1549 1553 1554 1555
1556 1557 1562 1563 1564
1565 1585 1586 1587 1588
1589 1599 1669 1670 1671
1672 1673 1674 1675 1676
1677 1678 1679 1700 1701
1702 1703 1704 1705 1706
1711 1712 1713 1714 1715
1724 1725 1726 1727 1732
1733 1734 1735 1736 1737
1738 1739 1740 1741 1742
1743 1750 1751 1752 1760
1761 1762 1763 1764 1765
1766 1767 1768 1769 1773
1808 1809 1854 1855 1856
1864 1865 1866 1867 1878
1879 1880 1881 1882 1883
1895 1896 1901 1902 1903
1904 1905 1906 1907 1908
1909 1917 1918 1919 1920
1921 1922 1923 1924 1925
1926 1930 1931 1932 1933
1934 1935 1936 1937 1938
1952 1953 1954 1955 2000
2001 2002 2030 2031 2032
2090 2091 2092 2093 2094
2100 2101 2102 2103 2104
2105 2106 2113 2114 2115
2116 2117 2118 2119 2123
2124 2125 2126 2127 2134
2135 2136 2137 2146 2147
2154 2155 2156 2157 2158
2159 2160 2161 2162 2163
2164 2165 2166 2174 2178
2179 2180 2181 2182 2192
2193 2194 2195 2212 2213
2214 2215 2216 2217 2218
2219 2220 2244 2245 2246
2247 2252 2253 2254 2255
2256 2272 2273 2274 2280
2281 2282 2283 2284 2285
2286 2287 2302 2303 2304
2314 2315 2316 2317 2373
2374 2375 2376 2377 2378
2384 2385 2386 2387 2390
2391 2392 2393 2399 2400
2401 2402 2403 2404 2405
2406 2407 2408 2409 2419
2420 2422 2423 2424 2425
2426 2432 2433 2434 2435
2436 2437 2441 2442 2443
2444 2445 2446 2447 2448
2449 2450 2451 2452 2453
2454 2455 2456 2457 2458
2459 2460 2461 2462 2463
2464 2482 2483 2484 2485
2486 2487 2488 2489 2490
2491 2498 2499 2500 2501
2502 2503 2519 2520 2521
2522 2528 2550 2551 2552
2553 2554 2555 2556 2557
2558 2559 2560 2561 2562
2563 2564 2565 2566 2567
2568 2569 2573 2574 2575
2576 2577 2578 2579 2580
2581 2582 2583 2584 2585
2586 2587 2588 2598 2599
2600 2601 2602 2608 2609
2610 2611 2614 2615 2616
2617 2625 2626 2627 2628
2629 2630 2631 2658 2659
2660 2671 2672 2673 2705
2706 2729 2737 2738 2739
2740 2741 2742 2743 2744
2745 2746 2747 2748 2749
2753 2754 2755 2756 2757
2758 2776 2777 2810 2811
2812 2813 2814 2822 2823
2824 2825 2826 2879 2880
2881 2882 2889 2890 2891
2892 2893 2894 2902 2903
2904 2905 2906 2907 2908
2909 2910 2917 2918 2919
2920 2921 2922 2923 2924
2925 2926 2942 2943 2944
2966 2967 2980 2981 2982
2983 2984 2989 2990 2991
2992 2996 2997 2998 2999
3000 3029 3030 3037 3038
3039 3115 3116 3117 3123
3124 3125 3126 3127 3128
3129 3138 3139 3140 3141
3142 3143 3144 3145 3146
3153 3154 3155 3156 3171
3172 3173 3174 3175 3176
3198 3199 3200 3201 3219
3248 3249 3250 3270 3271
3272 3273 3274 3279 3280
3281 3282 3283 3284 3285
3286 3287 3288 3289 3290
3293 3294 3374 3375 3376
3377 3378 3379 3380 3381
3382 3383 3384 3400 3401
3406 3407 3408 3409 3410
3411 3412 3413 3420 3421
3433 3434 3435 3436 3437
3438 3439 3440 3441 3442
3443 3444 3445 3446 3447
3453 3454 3455 3456 3457
3458 3459 3460 3461 3462
3463 3464 3465 3466 3467
3468 3476 3477 3478 3479
3480 3481 3482 3483 3484
3489 3490 3491 3492 3493
3494 3495 3496 3497 3521
3522 3523 3524 3525 3526
3527 3528 3547 3548 3549
3581 3598 3599 3600 3601
3602 3603 3604 3605 3625
3626 3627 3628 3629 3645
3646 3647 3648 3649 3650
3651 3652 3653 3654 3655
3656 3661 3662 3663 3664
3665 3666 3667 3668 3669
3673 3699 3700 3718 3719
3720 3721 3722 3723 3724
3725 3726 3746 3747 3748
3749 3750 3751 3752 3753
3754 3755 3756 3757 3760
3761 3762 3763 3764 3765
3766 3767 3768 3769 3779
3786 3787 3788 3793 3839
3840 3841 3842 3860 3875
3876 3877 3878 3879 3880
3881 3882 3883 3884 3886
3887 3888 3889 3890 3891
3892 3893 3903 3929 3930
3936 3937 3938 3939 3940
3941 3942 3943 3944 3964
3965 3966 3967 3979 3980
3981 3982 3983 3984 3985
3986 3987 3988 3989 3990
3991 3999 4000 4001 4002
4003 4004 4005 4006 4007
4008 4009 4010 4011 4012
4013 4014 4015 4019 4020
4021 4022 4023 4024 4025
4026 4033 4034 4058 4059
4060 4061 4062 4063 4064
4068 4069 4071 4072 4073
4074 4075 4076 4077 4082
4083 4084 4085 4097 4098
4099 4100 4101 4102 4117
4118 4119 4120 4121 4122
4123 4124 4125 4126 4127
4128 4129 4130 4131 4132
4133 4134 4135 4136 4137
4138 4139 4140 4148 4158
4159 4160 4161 4165 4166
4180 4181 4182 4183 4184
4185 4186 4207 4208 4209
4212 4213 4214 4215 4216
4217 4218 4219 4220 4221
4222 4223 4235 4236 4256
4257 4258 4259 4260 4261
4262 4263 4264 4265 4268
4275 4276 4277 4278 4287
4288 4289 4290 4291 4292
4293 4294 4295 4296 4297
4298 4299 4300 4301 4302
4305 4306 4307 4308 4309
4315 4316 4317 4318 4319
4336 4337 4338 4339 4340
4349 4350 4410 4451 4452
4455 4456 4463 4464 4465
4466 4467 4468 4469 4474
4475 4476 4477 4478 4479
4480 4481 4482 4483 4494
4495 4496 4497 4498 4499
4500 4501 4579 4580 4587
4588 4589 4590 4591 4592
4593 4610 4627 4628 4629
4641 4642 4643 4644 4645
4646 4647 4657 4658 4659
4660 4661 4662 4663 4664
4677 4678 4679 4680 4681
4687 4688 4705 4706 4707
4708 4709 4721 4722 4723
4724 4725 4760 4761 4762
4763 4764 4765 4766 4767
4768 4798 4799 4817 4824
4834 4835 4836 4837 4838
4839 4840 4841 4842 4843
4844 4845 4846 4847 4848
4849 4850 4851 4864 4865
4866 4867 4868 4869 4881
4882 4883 4884 4885 4886
4906 4907 4908 4909 4911
4912 4913 4914 4915 4920
4921 4922 4923 4924 4925
4926 4932 4952 4953 4985
4986 4987 4988 4989 4995
4996 4997 5010 5011 5014
5015 5016 5017 5018 5062
5063 5064 5065 5066 5067
5068 5069 5070 5071 5072
5073 5074 5075 5076 5077
5078 5079 5080 5081 5082
5086 5087 5088 5089 5090
5105 5106 5107 5108 5110
5111 5112 5174 5175 5176
5177 5178 5179 5180 5185
5186 5187 5188 5196 5197
5241 5242 5243 5244 5269
5278 5279 5280 5281 5299
5300 5301 5302 5303 5308
5309 5310 5311 5312 5358
5359 5360 5361 5362 5363
5364 5365 5366 5367 5369
5492 5493 5494 5495 5496
5497 5498 5517 5518 5519
5522 5523 5524 5525 5571
5572 5573 5574 5575 5576
5577 5607 5608 5609 5613
5614 5622 5632 5633 5634
5635 5636 5656 5657 5658
5659 5666 5667 5668 5673
5674 5675 5676 5677 5678
5679 5680 5681 5682 5683
5684 5708 5709 5710 5711
5712 5713 5714 5755 5756
5757 5758 5759 5760 5761
5762 5763 5764 5765 5800
5813 5817 5818 5819 5838
5839 5840 5841 5869 5870
5871 5872 5873 5874 5875
5876 5877 5878 5879 5880
5881 5882 5884 5885 5892
5893 5894 5895 5896 5897
5898 5899 5911 5912 5913
5914 5915 5916 5917 5918
5919 5931 5932 5997 5998
5999 6000 6001 6002 6003
6008 6009 6062 6063 6064
6065 6066 6086 6087 6088
6089 6090 6091 6092 6093
6101 6102 6103 6104 6105
6106 6107 6108 6109 6110
6111 6112 6113 6114 6115
6125 6132 6133 6134 6135
6136 6137 6142 6143 6167
6168 6169 6170 6171 6172
6173 6174 6175 6176 6177
6178 6179 6180 6181 6182
6183 6184 6185 6186 6187
6188 6189 6190 6191 6192
6193 6194 6195 6198 6199
6200 6201 6202 6203 6204
6205 6212 6213 6214 6215
6216 6219 6220 6221 6222
6242 6243 6244 6245 6246
6247 6248 6249 6250 6251
6252 6253 6254 6255 6256
6279 6280 6281 6282 6283
6284 6285 6286 6287 6288
6289 6290 6291 6292 6316
6317 6318 6319 6320 6321
6322 6334 6335 6336 6375
6376 6414 6415 6416 6417
6418 6419 6420 6421 6422
6423 6424 6426 6427 6428
6429 6430 6431 6432 6433
6434 6435 6436 6437 6438
6464 6465 6466 6475 6476
6483 6495 6496 6497 6511
6521 6522 6523 6524 6525
6526 6527 6528 6529 6541
6551 6552 6555 6556 6557
6558 6581 6582 6583 6584
6646 6647 6648 6649 6650
6651 6652 6653 6654 6655
6689 6690 6691 6692 6693
6694 6695 6696 6697 6698
6699 6700 6701 6702 6703
6704 6705 6706 6707 6715
6716 6741 6742 6743 6744
6750 6751 6752 6753 6754
6757 6758 6764 6765 6766
6767 6768 6769 6770 6807
6808 6809 6810 6811 6812
6816 6817 6818 6819 6820
6829 6830 6831 6832 6833
6834 6835 6836 6837 6838
6839 6840 6841 6857 6858
6859 6860 6861 6862 6877
6878 6879 6883 6884 6885
6886 6887 6888 6889 6893
6894 6895 6896 6897 6898
6899 6911 6912 6926 6927
6937 6938 6939 6940 6958
6959 6960 6961 6962 6963
6964 6965 6966 6967 6968
6969 6970 6971 6972 6973
6979 6980 6981 6982 6983
6984 6985 6989 6990 7002
7003 7004 7005 7006 7014
7015 7024 7025 7026 7038
7051 7052 7053 7054 7055
7056 7057 7058 7059 7060
7061 7062 7063 7085 7086
7087 7088 7089 7090 7091
7108 7117 7118 7119 7120
7134 7135 7136 7137 7138
7139 7140 7141 7142 7143
7146 7147 7148 7149 7150
7151 7155 7156 7157 7173
7174 7175 7176 7177 7180
7181 7182 7183 7184 7185
7186 7187 7188 7201 7202
7203 7204 7205 7206 7207
7208 7209 7210 7211 7212
7213 7214 7215 7216 7234
7235 7236 7237 7238 7239
7240 7241 7242 7243 7244
7245 7249 7250 7251 7252
7253 7254 7255 7256 7257
7258 7259 7260 7261 7262
7263 7266 7267 7268 7269
7302 7303 7304 7305 7306
7307 7308 7309 7310 7311
7312 7313 7314 7315 7316
7317 7318 7319 7338 7339
7340 7352 7353 7354 7355
7356 7357 7358 7359 7360
7361 7362 7363 7364 7365
7366 7367 7368 7369 7370
7371 7372 7373 7374 7375
7376 7377 7378 7379 7380
7381 7400 7401 7423 7424
7428 7429 7430 7431 7432
7433 7434 7435 7436 7437
7438 7439 7440 7441 7442
7443 7444 7445 7446 7447
7448 7449 7450 7451 7452
7453 7454 7455 7459 7460
7473 7474 7475 7476 7477
7478 7507 7508 7509 7510
7539 7540 7573 7574 7575
7576 7577 7578 7579 7580
7615 7616 7617 7618 7619
7645 7647 7648 7649 7671
7672 7673 7674 7675 7676
7677 7692 7693 7694 7703
7731 7732 7733 7734 7735
7736 7737 7747 7748 7749
7750 7751 7763 7770 7771
7873 7876 7877 7878 7886
7887 7888 7889 7905 7906
7907 7908 7909 7910 7911
7912 7913 7922 7923 7932
7933 7934 7942 7943 7965
7966 7967 7968 7998 7999
8000 8001 8002 8003 8004
8028 8029 8030 8031 8032
8033 8034 8035 8036 8042
8043 8044 8045 8046 8053
8054 8055 8056 8063 8064
8065 8066 8067 8077 8078
8079 8080 8081 8082 8083
8084 8085 8097 8098 8106
8107 8114 8115 8116 8117
8118 8119 8120 8121 8122
8123 8124 8125 8126 8127
8128 8129 8130 8131 8133
8134 8139 8140 8156 8167
8168 8169 8170 8171 8172
8181 8182 8183 8184 8185
8221 8222 8223 8224 8225
8227 8228 8229 8230 8231
8232 8233 8234 8235 8236
8237 8238 8239 8244 8245
8246 8247 8248 8249 8250
8270 8272 8277 8278 8279
8280 8289 8290 8291 8292
8300 8301 8302 8303 8304
8320 8336 8337 8338 8339
8340 8341 8342 8343 8344
8345 8346 8347 8348 8379
8380 8381 8445 8475 8476
8477 8478 8479 8480 8481
8485 8486 8487 8488 8489
8490 8491 8492 8493 8494
8495 8496 8497 8498 8499
8500 8501 8502 8503 8504
8505 8508 8509 8510 8511
8527 8528 8529 8530 8531
8554 8555 8556 8557 8558
8559 8560 8561 8562 8563
8564 8565 8566 8585 8586
8587 8588 8589 8590 8591
8592 8593 8598 8599 8600
8601 8602 8665 8666 8667
8676 8677 8678 8679 8680
8681 8682 8683 8684 8685
8686 8687 8688 8689 8690
8692 8693 8694 8695 8701
8702 8725 8726 8727 8728
8747 8748 8752 8753 8754
8755 8756 8757 8758 8759
8760 8761 8778 8779 8780
8781 8782 8783 8784 8814
8815 8816 8817 8818 8840
8841 8842 8843 8853 8854
8855 8856 8857 8858 8859
8860 8880 8881 8882 8883
8884 8885 8886 8887 8895
8896 8897 8898 8899 8900
8901 8902 8903 8904 8905
8906 8907 8908 8912 8913
8914 8915 8916 8917 8918
8919 8920 8921 8926 8927
8928 8929 8930 8931 8946
8979 8980 8981 8982 8983
8984 8985 8986 8987 8997
8998 8999 9000 9001 9024
9025 9026 9027 9028 9029
9030 9031 9032 9033 9034
9035 9036 9037 9038 9043
9044 9057 9058 9059 9060
9079 9080 9081 9082 9083
9084 9085 9086 9087 9098
9099 9100 9101 9107 9108
9109 9144 9145 9146 9147
9148 9149 9150 9151 9152
9153 9154 9155 9156 9161
9162 9167 9168 9169 9170
9194 9195 9196 9197 9198
9199 9228 9229 9230 9231
9232 9240 9241 9242 9243
9244 9249 9250 9251 9252
9253 9254 9255 9258 9259
9260 9261 9262 9263 9270
9271 9272 9273 9282 9283
9284 9295 9296 9297 9298
9299 9325 9326 9327 9328
9329 9330 9331 9332 9333
9334 9335 9336 9337 9338
9339 9365 9366 9367 9368
9369 9370 9371 9372 9383
9384 9385 9386 9387 9388
9389 9390 9404 9405 9413
9414 9415 9427 9428 9429
9430 9431 9432 9433 9434
9442 9443 9444 9445 9446
9447 9448 9449 9450 9451
9461 9462 9463 9464 9465
9466 9467 9468 9469 9470
9471 9472 9473 9474 9475
9476 9477 9478 9495 9496
9497 9509 9510 9565 9566
9567 9568 9572 9573 9574
9575 9598 9603 9624 9625
9655 9664 9665 9666 9667
9668 9669 9670 9674 9686
9687 9688 9689 9718 9719
9720 9730 9731 9732 9733
9734 9741 9758 9759 9760
9761 9762 9767 9768 9769
9801 9802 9807 9808 9809
9810 9811 9812 9813 9818
9819 9820 9821 9822 9823
9824 9825 9839 9840 9841
9842 9849 9850 9871 9872
9878 9879 9910 9911 9920
9921 9926 9927 9928 9968
9969 9970 9971 9984 9985
9986 9987 9988 10005 10006
10007 10008 10009 10010 10020
10021 10022 10023 10024 10025
10026 10027 10028 10029 10030
10047 10048 10049 10062 10063
10064 10065 10066 10068 10069
10070 10071 10072 10073 10088
10089 10090 10091 10092 10093
10094 10095 10096 10097 10098
10099 10100 10101 10102 10103
10110 10111 10112 10113 10114
10115 10116 10117 10118 10119
10120 10133 10134 10135 10136
10152 10153 10154 10165 10166
10167 10168 10169 10170 10171
10172 10173 10174 10175 10176
10177 10223 10224 10239 10240
10241 10242 10243 10244 10250
10251 10252 10253 10254 10255
10256 10257 10258 10259 10264
10265 10266 10267 10275 10276
10277 10278 10279 10280 10281
10282 10283 10284 10285 10286
10287 10288 10316 10317 10318
10325 10326 10327 10328 10335
10336 10337 10338 10339 10340
10359 10360 10361 10362 10363
10367 10411 10412 10413 10414
10415 10416 10417 10418 10419
10420 10421 10422 10423 10424
10425 10426 10430 10431 10432
10433 10448 10449 10450 10451
10452 10457 10458 10459 10460
10490 10491 10492 10493 10494
10495 10496 10497 10498 10499
10500 10501 10509 10520 10521
10522 10523 10558 10559 10560
10561 10562 10563 10564 10565
10566 10567 10568 10569 10581
10582 10583 10584 10585 10586
10587 10588 10599 10600 10601
10602 10603 10604 10605 10606
10607 10613 10614 10615 10616
10617 10618 10619 10620 10621
10630 10631 10632 10633 10634
10635 10636 10637 10652 10653
10654 10655 10656 10676 10677
10678 10679 10680 10681 10682
10683 10684 10685 10686 10687
10688 10689 10722 10723 10753
10754 10755 10756 10757 10758
10759 10760 10772 10773 10774
10775 10776 10777 10778 10779
10780 10781 10789 10790 10799
10800 10801 10824 10825 10826
10832 10833 10834 10839 10840
10841 10842 10863 10864 10865
10866 10867 10868 10869 10870
10871 10872 10873 10874 10896
10897 10898 10903 10904 10905
10906 10915 10916 10917 10918
10919 10920 10933 10934 10935
10936 10937 10955 10956 10963
10964 10965 10979 10980 10981
10982 10983 10996 10997 11010
11011 11012 11013 11014 11015
11016 11017 11018 11024 11025
11026 11027 11045 11046 11047
11048 11049 11050 11051 11052
11053 11054 11066 11067 11068
11074 11075 11076 11077 11105
11106 11108 11109 11110 11120
11121 11122 11123 11124 11131
11132 11133 11148 11149 11150
11151 11152 11153 11154 11155
11167 11168 11169 11170 11171
11176 11177 11178 11179 11180
11181 11182 11183 11184 11185
11186 11187 11188 11189 11192
11193 11194 11195 11196 11197
11223 11224 11225 11234 11235
11236 11248 11249 11250 11276
11277 11278 11298 11299 11311
11312 11313 11314 11315 11319
11320 11321 11322 11323 11324
11325 11326 11327 11341 11342
11343 11344 11373 11378 11379
11380 11381 11382 11386 11387
11388 11389 11390 11410 11411
11412 11413 11414 11423 11424
11425 11426 11427 11428 11443
11444 11445 11446 11457 11472
11473 11474 11480 11481 11482
11486 11487 11489 11490 11491
11492 11493 11494 11495 11496
11497 11498 11499 11500 11501
11505 11506 11507 11511 11512
11513 11514 11552 11553 11554
11555 11556 11557 11558 11559
11574 11575 11576 11577 11578
11579 11580 11581 11588 11589
11590 11608 11609 11610 11611
11612 11613 11614 11621 11622
11623 11624 11625 11626 11636
11637 11644 11645 11646 11647
11648 11649 11662 11663 11664
11665 11669 11670 11671 11672
11681 11682 11683 11684 11685
11686 11703 11704 11730 11740
11743 11770 11771 11772 11773
11782 11783 11806 11807 11823
11824 11825 11826 11847 11848
11849 11873 11874 11875 11901
11902 11903 11904 11905 11906
11907 11908 11909 11910 11911
11930 11931 11932 11933 11934
11935 11936 11937 11938 11939
11940 11941 11942 11955 11956
11957 11958 11959 11960 11961
11962 11982 11983 11984 11985
11986 11992 11993 11994 11995
11996 12011 12012 12013 12014
12015 12016 12027 12028 12029
12030 12031 12032 12040 12041
12042 12043 12044 12045 12051
12052 12053 12054 12055 12056
12057 12058 12064 12065 12066
12067 12068 12071 12072 12073
12074 12075 12076 12077 12078
12079 12096 12097 12104 12105
12106 12107 12123 12124 12125
12126 12127 12128 12129 12130
12131 12139 12140 12141 12142
12143 12144 12145 12146 12147
12156 12157 12158 12159 12160
12161 12162 12163 12164 12165
12168 12169 12170 12171 12172
12188 12189 12190 12191 12192
12195 12196 12200 12201 12202
12203 12204 12205 12206 12207
12217 12218 12220 12221 12222
12223 12229 12230 12231 12232
12233 12234 12235 12236 12237
12238 12239 12240 12241 12242
12304 12305 12306 12307 12308
12309 12310 12311 12312 12313
12314 12315 12333 12361 12362
12363 12364 12365 12366 12367
12368 12372 12373 12374 12375
12376 12446 12452 12469 12470
12471 12472 12473 12474 12509
12510 12511 12551 12552 12571
12572 12573 12574 12575 12576
12577 12578 12579 12580 12589
12590 12597 12598 12599 12600
12608 12609 12610 12611 12612
12628 12629 12630 12631 12632
12637 12649 12650 12651 12652
12653 12664 12665 12670 12671
12672 12673 12678 12679 12680
12681 12684 12685 12686 12687
12690 12691 12692 12693 12694
12695 12696 12697 12698 12699
12700 12701 12702 12703 12704
12713 12714 12737 12738 12739
12764 12765 12766 12767 12768
12769 12770 12771 12772 12773
12774 12775 12776 12783 12784
12785 12786 12787 12788 12789
12790 12791 12814 12815 12816
12817 12822 12823 12824 12840
12841 12842 12856 12857 12858
12859 12860 12864 12865 12866
12867 12880 12881 12882 12883
12884 12885 12886 12887 12888
12914 12915 12916 12917 12918
12919 12923 12929 12930 12931
12932 12941 12942 12943 12944
12948 12949 12950 12958 12959
12960 12987 12988 12993 12994
12995 12996 13006 13007 13014
13015 13016 13017 13018 13025
13055 13056 13061 13062 13081
13086 13087 13088 13089 13090
13103 13124 13125 13126 13127
13131 13137 13138 13139 13153
13154 13155 13156 13157 13158
13163 13164 13165 13166 13167
13168 13169 13170 13171 13172
13182 13187 13188 13189 13190
13191 13192 13193 13197 13198
13199 13200 13201 13202 13203
13204 13205 13206 13207 13208
13209 13216 13232 13233 13234
13235 13236 13237 13238 13239
13240 13254 13255 13256 13257
13258 13259 13265 13266 13267
13268 13269 13270 13271 13272
13273 13274 13275 13276 13277
13278 13279 13280 13281 13282
13283 13284 13285 13286 13287
13288 13292 13313 13314 13315
13316 13317 13318 13319 13320
13351 13352 13353 13354 13355
13356 13357 13358 13359 13360
13369 13370 13371 13372 13373
13389 13401 13402 13403 13404
13405 13406 13407 13408 13409
13410 13411 13412 13413 13414
13415 13416 13417 13418 13420
13421 13480 13481 13482 13483
13484 13485 13505 13506 13507
13508 13509 13510 13566 13567
13593 13594 13595 13596 13597
13616 13617 13618 13666 13703
13704 13705 13706 13707 13708
13709 13710 13711 13712 13722
13723 13724 13725 13726 13731
13732 13733 13734 13735 13736
13737 13738 13739 13745 13774
13775 13776 13777 13778 13779
13780 13781 13782 13783 13784
13785 13786 13787 13788 13789
13790 13791 13792 13793 13794
13795 13796 13797 13798 13820
13821 13822 13823 13824 13828
13829 13839 13840 13841 13845
13846 13847 13848 13849 13884
13885 13886 13887 13888 13889
13890 13891 13908 13921 13922
13923 13924 13943 13954 13955
13956 13957 13958 13959 13960
13961 13962 13988 13989 13990
13991 13999 14000 14001 14002
14003 14004 14005 14006 14032
14051 14052 14053 14054 14055
14056 14057 14062 14063 14080
14081 14086 14087 14088 14089
14090 14091 14095 14096 14100
14110 14111 14112 14113 14114
14126 14173 14174 14175 14176
14177 14178 14213 14214 14215
14218 14219 14222 14223 14235
14236 14237 14238 14239 14240
14241 14242 14243 14244 14245
14246 14247 14248 14278 14279
14280 14281 14282 14283 14289
14290 14291 14292 14293 14294
14295 14296 14297 14298 14311
14312 14328 14329 14330 14331
14360 14361 14362 14363 14364
14365 14390 14391 14392 14432
14433 14434 14435 14436 14437
14438 14452 14464 14490 14491
14502 14503 14504 14505 14560
14561 14562 14607 14632 14633
14659 14690 14713 14714 14715
14716 14717 14718 14719 14720
14721 14722 14723 14724 14725
14726 14727 14765 14766 14767
14768 14769 14770 14771 14795
14796 14797 14813 14814 14815
14816 14817 14818 14819 14851
14852 14853 14854 14865 14866
14867 14868 14872 14873 14874
14875 14876 14877 14878 14879
14880 14881 14887 14888 14889
14890 14897 14898 14899 14900
14901 14902 14903 14904 14905
14906 14907 14908 14909 14925
14928 14929 14930 14931 14932
14933 14934 14935 14936 14937
14938 14939 14940 14944 14945
14946 14947 14952 14963 14964
14975 14976 14977 14978 14979
14980 14981 14982 14983 14984
14985 14986 14989 14990 15000
15001 15002 15003 15004 15023
15024 15025 15026 15027 15039
15040 15041 15042 15043 15044
15045 15046 15050 15051 15052
15053 15054 15055 15056 15061
15062 15075 15076 15077 15080
15081 15082 15095 15096 15097
15098 15129 15152 15153 15154
15155 15156 15157 15158 15159
15160 15171 15172 15173 15174
15175 15176 15177 15178 15179
15180 15181 15182 15183 15184
15185 15186 15187 15193 15194
15208 15213 15214 15215 15216
15217 15225 15226 15227 15231
15237 15238 15239 15240 15241
15242 15243 15264 15265 15266
15267 15268 15279 15280 15281
15282 15283 15284 15285 15301
15302 15316 15317 15318 15319
15343 15344 15345 15346 15347
15348 15349 15366 15367 15368
15369 15370 15371 15372 15373
15374 15375 15376 15386 15387
15388 15389 15390 15391 15392
15393 15394 15395 15396 15397
15434 15435 15436 15437 15438
15439 15447 15448 15449 15450
15451 15452 15453 15454 15493
15494 15495 15496 15497 15498
15546 15547 15558 15559 15560
15561 15562 15563 15564 15574
15575 15576 15577 15578 15579
15580 15601 15602 15603 15633
15634 15635 15636 15660 15661
15665 15666 15668 15681 15682
15683 15688 15689 15690 15691
15692 15693 15694 15701 15702
15703 15704 15705 15706 15711
15712 15713 15716 15717 15733
15734 15735 15736 15737 15755
15802 15803 15807 15808 15809
15810 15820 15821 15822 15823
15824 15825 15829 15830 15831
15832 15833 15834 15858 15859
15860 15861 15862 15863 15864
15865 15866 15878 15879 15916
15917 15918 15955 15956 15957
15958 15959 15960 15961 15962
15963 15964 15978 15979 15980
15981 15982 15996 15997 16011
16018 16036 16037 16038 16044
16045 16046 16047 16048 16049
16054 16055 16056 16057 16060
16061 16073 16074 16075 16076
16077 16089 16090 16091 16092
16093 16094 16095 16096 16100
16101 16102 16103 16104 16105
16120 16121 16122 16147 16148
16149 16150 16151 16152 16153
16154 16164 16165 16166 16167
16168 16183 16184 16185 16186
16198 16204 16233 16234 16235
16236 16241 16242 16243 16244
16245 16246 16268 16269 16278
16279 16280 16281 16299 16300
16301 16302 16303 16304 16305
16306 16307 16309 16310 16311
16312 16313 16318 16319 16320
16321 16322 16323 16324 16325
16326 16327 16328 16329 16330
16332 16333 16334 16335 16336
16337 16338 16339 16340 16341
16342 16343 16344 16345 16361
16362 16363 16364 16365 16383
16399 16400 16448 16467 16468
16469 16474 16475 16476 16477
16478 16479 16480 16481 16482
16483 16484 16485 16486 16487
16489 16490 16491 16495 16512
16513 16514 16515 16516 16517
16532 16533 16534 16535 16558
16559 16560 16561 16562 16563
16643 16644 16645 16646 16647
16648 16649 16677 16678 16679
16680 16681 16682 16683 16684
16685 16686 16687 16688 16689
16690 16707 16708 16709 16710
16711 16712 16713 16714 16715
16716 16717 16718 16719 16720
16721 16722 16723 16741 16742
16743 16744 16745 16746 16747
16748 16749 16750 16759 16760
16761 16769 16770 16771 16772
16773 16774 16775 16776 16777
16778 16779 16780 16781 16786
16787 16788 16789 16790 16798
16802 16803 16804 16805 16836
16837 16838 16839 16848 16859
16869 16870 16871 16883 16884
16885 16907 16908 16909 16910
16911 16912 16913 16914 16915
16916 16917 16918 16919 16920
16921 16922 16923 16924 16925
16926 16929 16930 16931 16932
16933 16934 16935 16936 16937
16938 16939 16940 16941 16942
16943 16944 16945 16946 16952
16953 16964 16965 16968 16969
16970 16984 16985 16986 16987
16988 16989 16990 16991 16992
17014 17015 17016 17017 17018
17059 17064 17065 17066 17067
17068 17069 17094 17095 17098
17099 17100 17101 17108 17109
17110 17111 17112 17113 17114
17115 17128 17129 17130 17131
17132 17133 17197 17267 17268
17269 17270 17271 17272 17273
17274 17285 17286 17287 17288
17289 17290 17291 17297 17328
17329 17330 17331 17332 17333
17345 17346 17347 17348 17352
17353 17354 17355 17356 17357
17362 17363 17364 17365 17366
17367 17391 17392 17393 17404
17405 17406 17407 17408 17435
17436 17437 17447 17448 17449
17450 17451 17452 17453 17454
17473 17474 17484 17485 17517
17518 17519 17542 17543 17551
17552 17553 17554 17555 17556
17557 17558 17559 17560 17564
17565 17572 17573 17574 17575
17576 17577 17590 17591 17592
17593 17596 17597 17598 17613
17614 17615 17619 17620 17621
17622 17623 17624 17629 17630
17631 17632 17633 17634 17635
17636 17640 17641 17642 17643
17644 17645 17665 17666 17667
17670 17671 17679 17680 17687
17688 17701 17702 17703 17704
17705 17706 17707 17708 17709
17710 17715 17716 17717 17718
17719 17720 17721 17722 17723
17724 17788 17814 17815 17816
17817 17855 17856 17857 17858
17859 17860 17861 17862 17863
17864 17865 17866 17867 17868
17869 17870 17871 17872 17873
17874 17875 17876 17877 17878
17879 17880 17893 17894 17895
17896 17897 17898 17899 17900
17901 17902 17903 17904 17905
17906 17907 17908 17912 17913
17914 17947 17959 17960 17961
17962 17963 17969 17970 17971
17976 17977 17978 17979 17980
17981 17982 17983 17984 17985
17986 17987 17988 17989 17990
17991 17992 17993 17994 17995
17996 17997 17998 17999 18000
18001 18002 18020 18024 18025
18059 18060 18061 18062 18063
18064 18075 18076 18113 18114
18115 18121 18122 18123 18124
18125 18126 18127 18194 18195
18196 18197 18198 18199 18200
18201 18202 18203 18204 18205
18206 18207 18208 18221 18222
18243 18244 18245 18246 18249
18250 18251 18252 18285 18286
18287 18288 18289 18290 18335
18336 18337 18342 18343 18344
18345 18346 18347 18348 18349
18362 18363 18378 18379 18380
18381 18382 18383 18384 18385
18392 18393 18394 18398 18399
18402 18403 18431 18432 18433
18434 18435 18436 18437 18485
18486 18487 18488 18512 18513
18514 18515 18516 18535 18536
18537 18538 18546 18547 18548
18549 18550 18551 18552 18555
18556 18559 18560 18561 18562
18563 18564 18565 18570 18571
18572 18573 18574 18577 18578
18579 18580 18581 18585 18586
18587 18588 18589 18590 18591
18592 18593 18594 18605 18622
18623 18624 18625 18654 18655
18656 18675 18676 18727 18728
18729 18730 18731 18732 18737
18738 18742 18743 18749 18750
18751 18752 18753 18754 18755
18756 18757 18758 18760 18761
18762 18763 18771 18772 18773
18774 18775 18776 18784 18785
18786 18787 18788 18789 18790
18823 18824 18834 18835 18836
18837 18838 18839 18840 18841
18842 18851 18852 18853 18854
18858 18872 18873 18874 18875
18876 18877 18927 18928 18929
18930 18931 18932 18950 18951
18952 18953 18954 18955 18956
18957 18964 18965 18966 18973
18974 18975 18976 19016 19017
19018 19019 19020 19021 19022
19032 19033 19034 19035 19041
19042 19043 19044 19045 19046
19047 19048 19049 19050 19051
19052 19053 19054 19055 19056
19057 19058 19059 19064 19071
19072 19080 19081 19082 19083
19084 19085 19086 19087 19088
19102 19103 19104 19105 19106
19151 19152 19153 19154 19155
19156 19157 19160 19161 19162
19163 19164 19210 19211 19212
19229 19230 19231 19232 19233
19234 19235 19250 19251 19252
19253 19254 19267 19268 19269
19270 19271 19272 19275 19276
19277 19340 19341 19342 19343
19344 19345 19350 19351 19352
19353 19354 19355 19356 19357
19366 19367 19368 19369 19370
19371 19388 19389 19446 19447
19448 19449 19452 19453 19454
19455 19459 19460 19461 19462
19463 19467 19468 19469 19484
19485 19486 19487 19495 19496
19497 19498 19499 19514 19515
19516 19517 19527 19528 19529
19541 19542 19543 19544 19545
19552 19572 19573 19574 19575
19588 19589 19590 19591 19592
19593 19594 19595 19596 19597
19598 19599 19600 19601 19602
19603 19604 19605 19606 19607
19608 19620 19621 19622 19623
19624 19678 19679 19680 19704
19705 19731 19744 19745 19746
19750 19751 19752 19753 19772
19773 19774 19775 19776 19777
19793 19794 19795 19796 19797
19829 19830 19831 19832 19833
19834 19835 19836 19837 19838
19842 19843 19844 19845 19846
19854 19855 19856 19857 19858
19859 19860 19861 19862 19863
19864 19865 19866 19867 19868
19869 19870 19883 19900 19901
19902 19907 19908 19909 19910
19911 19912 19913 19969 19970
19971 19972 19973 19974 19979
19980 19981 19982 19993 20004
20005 20006 20007 20008 20035
20036 20042 20043 20044 20045
20046 20068 20069 20070 20071
20072 20073 20074 20075 20076
20077 20078 20079 20080 20081
20082 20119 20120 20170 20171
20172 20173 20174 20175 20176
20195 20196 20206 20207 20208
20209 20210 20211 20212 20213
20214 20215 20216 20218 20243
20244 20245 20246 20247 20261
20262 20263 20264 20265 20266
20291 20292 20316 20317 20318
20319 20328 20329 20330 20331
20332 20333 20334 20348 20349
20350 20351 20352 20355 20356
20368 20369 20370 20371 20372
20384 20385 20386 20387 20388
20397 20398 20399 20400 20401
20408 20409 20410 20411 20419
20420 20421 20422 20429 20430
20431 20432 20446 20447 20448
20449 20450 20451 20452 20453
20454 20455 20456 20457 20459
20460 20461 20462 20463 20470
20471 20472 20473 20474 20475
20485 20486 20487 20488 20489
20490 20493 20494 20495 20496
20497 20498 20499 20500 20501
20502 20503 20513 20526 20527
20531 20532 20533 20556 20557
20558 20559 20560 20561 20562
20563 20564 20565 20566 20567
20568 20569 20570 20580 20581
20582 20583 20584 20585 20586
20587 20588 20589 20590 20591
20592 20615 20616 20617 20618
20619 20620 20626 20627 20628
20629 20630 20634 20637 20638
20639 20640 20641 20642 20643
20644 20645 20660 20661 20662
20663 20664 20665 20666 20667
20668 20669 20670 20714 20715
20716 20717 20718 20719 20720
20721 20722 20723 20724 20725
20726 20741 20742 20743 20744
20745 20746 20747 20748 20749
20755 20756 20757 20758 20759
20760 20767 20768 20769 20770
20771 20793 20808 20809 20810
20811 20822 20833 20834 20835
20845 20846 20847 20848 20849
20850 20851 20852 20853 20868
20869 20870 20871 20872 20885
20886 20887 20888 20889 20890
20899 20900 20901 20906 20919
20920 20921 20922 20923 20931
20932 20947 20948 20949 20950
20951 20952 20953 20954 20955
20972 20973 20974 20975 20994
20995 20996 20997 20998 21034
21035 21036 21037 21038 21060
21061 21062 21063 21064 21065
21066 21067 21068 21069 21080
21081 21093 21094 21105 21106
21107 21108 21109 21110 21111
21112 21113 21114 21146 21147
21148 21149 21150 21151 21152
21158 21159 21160 21167 21168
21169 21170 21171 21172 21173
21174 21183 21184 21192 21193
21194 21195 21218 21219 21220
21221 21222 21229 21230 21231
21232 21233 21255 21297 21298
21299 21304 21305 21325 21333
21334 21335 21336 21337 21338
21339 21371 21372 21373 21374
21375 21376 21377 21378 21379
21380 21381 21382 21383 21384
21407 21408 21409 21410 21411
21412 21446 21447 21448 21461
21462 21463 21473 21474 21475
21478 21479 21480 21481 21482
21483 21484 21485 21486 21487
21497 21498 21499 21500 21516
21517 21518 21519 21520 21521
21526 21527 21528 21529 21568
21578 21579 21580 21601 21602
21603 21604 21605 21625 21626
21627 21628 21629 21630 21631
21632 21633 21634 21635 21636
21637 21638 21661 21662 21663
21672 21673 21674 21675 21714
21715 21716 21717 21720 21721
21722 21734 21753 21754 21755
21756 21757 21758 21759 21760
21761 21762 21763 21771 21772
21773 21774 21830 21843 21844
21847 21848 21849 21850 21883
21884 21885 21886 21887 21899
21900 21901 21902 21903 21904
21909 21910 21911 21912 21913
21921 21922 21923 21924 21925
21926 21927 21928 21929 21930
21931 21959 21960 21961 21962
21987 21988 21989 21990 21991
21992 21993 21994 21995 21996
21997 21998 21999 22012 22013
22014 22015 22016 22026 22027
22028 22029 22048 22049 22050
22051 22052 22053 22054 22055
22056 22057 22061 22062 22063
22064 22065 22066 22067 22120
22121 22122 22123 22124 22127
22128 22129 22130 22131 22132
22133 22134 22135 22148 22149
22150 22151 22152 22153 22167
22168 22169 22170 22171 22183
22184 22185 22197 22198 22199
22200 22201 22202 22203 22204
22226 22227 22228 22229 22246
22247 22248 22249 22250 22251
22252 22253 22254 22255 22259
22260 22279 22280 22281 22297
22298 22299 22300 22306 22307
22308 22309 22310 22311 22312
22313 22314 22348 22349 22350
22351 22352 22353 22354 22356
22357 22358 22359 22360 22361
22362 22363 22364 22365 22366
22367 22368 22369 22370 22371
22372 22373 22374 22382 22383
22384 22385 22391 22392 22393
22394 22399 22400 22401 22413
22414 22415 22443 22444 22445
22446 22447 22448 22449 22450
22490 22491 22492 22493 22494
22495 22496 22497 22504 22505
22506 22507 22508 22509 22510
22511 22539 22540 22541 22542
22543 22544 22545 22558 22559
22560 22561 22562 22564 22565
22569 22570 22571 22572 22573
22574 22575 22576 22577 22587
22588 22589 22619 22620 22621
22622 22623 22624 22625 22626
22627 22628 22631 22632 22633
22634 22635 22648 22649 22650
22651 22685 22686 22687 22694
22695 22696 22697 22708 22709
22758 22767 22768 22769 22770
22771 22772 22785 22786 22787
22788 22789 22790 22791 22825
22826 22827 22828 22829 22830
22831 22841 22842 22843 22856
22857 22858 22859 22860 22861
22867 22868 22869 22870 22871
22872 22873 22876 22877 22878
22879 22882 22883 22884 22894
22895 22896 22897 22898 22899
22914 22915 22916 22917 22940
22941 22942 22943 22944 22945
22946 22947 22948 22949 22950
23010 23011 23012 23023 23024
23025 23037 23038 23044 23045
23046 23057 23058 23059 23060
23061 23062 23070 23071 23072
23073 23074 23075 23076 23077
23097 23098 23099 23100 23101
23102 23127 23128 23129 23130
23131 23132 23133 23156 23157
23158 23200 23205 23206 23207
23208 23209 23210 23211 23212
23213 23214 23215 23216 23217
23218 23219 23220 23268 23269
23277 23278 23279 23280 23281
23282 23299 23300 23301 23303
23304 23305 23317 23318 23319
23320 23329 23330 23331 23332
23339 23340 23341 23353 23373
23374 23379 23380 23381 23382
23388 23389 23390 23391 23392
23393 23394 23395 23396 23397
23409 23410 23411 23440 23441
23442 23443 23444 23445 23446
23447 23448 23449 23450 23451
23459 23460 23461 23462 23464
23465 23482 23483 23484 23485
23486 23487 23495 23496 23504
23505 23506 23507 23508 23509
23518 23519 23533 23534 23535
23536 23537 23538 23539 23540
23541 23542 23543 23544 23545
23546 23547 23548 23549 23550
23551 23556 23557 23558 23559
23560 23561 23562 23563 23564
23565 23568 23569 23570 23580
23584 23585 23586 23587 23588
23589 23590 23591 23614 23615
23616 23632 23633 23634 23635
23639 23663 23664 23665 23666
23763 23764 23765 23766 23768
23773 23774 23775 23776 23781
23782 23783 23784 23788 23789
23790 23791 23792 23793 23794
23795 23796 23797 23798 23799
23800 23801 23802 23803 23804
23813 23814 23815 23816 23817
23818 23819 23820 23821 23822
23823 23824 23825 23867 23868
23869 23870 23877 23878 23879
23893 23894 23895 23896 23897
23898 23899 23900 23901 23906
23915 23916 23917 23918 23919
23920 23921 23922 23923 23924
23925 23926 23927 23939 23940
23941 23942 23952 23953 23956
23957 23958 23959 23960 23961
23962 23963 23980 23981 23982
23983 23984 23985 23992 23993
23994 23995 23999 24000 24001
24002 24003 24004 24005 24006
24007 24008 24014 24015 24032
24033 24034 24035 24039 24040
24041 24047 24048 24049 24050
24055 24056 24057 24058 24061
24062 24063 24064 24065 24066
24067 24082 24083 24084 24085
24086 24087 24088 24089 24090
24097 24098 24099 24100 24101
24119 24120 24121 24122 24148
24149 24150 24165 24180 24181
24182 24231 24232 24233 24234
24235 24236 24237 24238 24240
24241 24250 24251 24252 24253
24260 24261 24262 24263 24266
24267 24268 24322 24323 24324
24325 24326 24327 24328 24329
24333 24334 24335 24336 24389
24390 24391 24392 24393 24394
24404 24405 24406 24407 24423
24424 24425 24426 24427 24428
24430 24431 24432 24433 24434
24435 24436 24437 24438 24439
24440 24441 24442 24443 24444
24445 24446 24447 24448 24449
24450 24451 24452 24453 24454
24455 24456 24457 24458 24459
24460 24461 24462 24463 24464
24465 24466 24467 24468 24469
24470 24471 24473 24474 24475
24476 24477 24478 24479 24480
24481 24482 24483 24484 24485
24486 24489 24490 24491 24492
24493 24494 24495 24496 24518
24519 24520 24521 24522 24523
24524 24540 24600 24601 24618
24619 24646 24647 24648 24649
24650 24651 24652 24653 24654
24655 24667 24668 24669 24670
24672 24673 24674 24675 24676
24693 24694 24695 24696 24705
24706 24707 24708 24709 24710
24726 24727 24728 24729 24751
24752 24753 24768 24769 24777
24778 24779 24780 24814 24818
24819 24820 24839 24840 24844
24845 24846 24847 24848 24849
24850 24870 24878 24879 24880
24881 24882 24883 24884 24885
24886 24887 24888 24889 24890
24891 24892 24895 24896 24910
24911 24912 24913 24914 24915
24916 24917 24918 24919 24927
24928 24972 24973 24974 24975
24976 24977 24978 24979 24987
24988 24989 25004 25005 25013
25018 25019 25020 25021 25033
25034 25037 25038 25049 25075
25086 25087 25088 25089 25090
25091 25092 25093 25094 25110
25111 25119 25120 25127 25170
25171 25172 25173 25174 25175
25176 25177 25178 25179 25180
25181 25182 25183 25184 25185
25186 25187 25188 25189 25190
25191 25199 25202 25203 25204
25205 25206 25207 25208 25209
25210 25211 25212 25213 25214
25239 25240 25241 25242 25243
25244 25245 25246 25247 25248
25249 25250 25251 25252 25253
25254 25255 25256 25268 25269
25270 25271 25272 25273 25274
25275 25277 25278 25279 25280
25281 25291 25292 25297 25298
25299 25300 25301 25302 25308
25309 25319 25320 25321 25322
25332 25333 25334 25335 25336
25337 25338 25339 25357 25358
25359 25360 25361 25362 25363
25364 25365 25366 25367 25368
25369 25370 25371 25372 25379
25380 25381 25382 25388 25389
25390 25400 25401 25402 25403
25470 25471 25472 25473 25482
25532 25533 25538 25539 25540
25541 25542 25545 25546 25547
25548 25549 25572 25573 25574
25580 25581 25582 25583 25584
25591 25592 25593 25594 25595
25596 25597 25598 25599 25620
25621 25622 25626 25627 25642
25643 25644 25645 25652 25653
25654 25655 25656 25669 25670
25671 25686 25694 25695 25696
25697 25698 25699 25700 25701
25702 25716 25717 25718 25719
25720 25726 25727 25743 25744
25745 25746 25747 25748 25749
25788 25789 25790 25791 25792
25793 25794 25795 25808 25809
25810 25811 25812 25813 25814
25815 25816 25817 25828 25829
25830 25831 25832 25872 25873
25874 25875 25876 25877 25878
25879 25880 25881 25882 25883
25884 25885 25907 25908 25923
25924 25925 25926 25927 25939
25940 25961 25962 25963 25964
25965 25966 25967 25968 25969
25970 25971 25972 25973 25974
25975 25976 25977 25981 25982
25983 25984 25988 25989 25990
26000 26001 26050 26051 26052
26053 26054 26055 26056 26057
26058 26059 26060 26061 26066
26067 26068 26069 26070 26071
26072 26073 26079 26080 26081
26082 26083 26084 26085 26086
26087 26088 26089 26094 26095
26096 26097 26109 26110 26111
26122 26123 26124 26125 26129
26130 26131 26138 26139 26149
26150 26151 26152 26153 26155
26156 26157 26158 26159 26160
26161 26162 26163 26164 26165
26166 26167 26168 26169 26170
26171 26172 26173 26185 26186
26187 26188 26189 26190 26196
26197 26198 26199 26214 26215
26216 26217 26224 26225 26226
26258 26262 26263 26264 26265
26266 26267 26268 26269 26270
26271 26272 26292 26293 26294
26295 26296 26297 26298 26299
26300 26306 26307 26308 26309
26310 26311 26312 26313 26314
26328 26329 26330 26331 26332
26333 26334 26335 26336 26337
26338 26339 26340 26341 26369
26370 26371 26378 26379 26380
26385 26386 26387 26415 26416
26417 26418 26431 26432 26433
26441 26442 26443 26444 26445
26455 26456 26459 26460 26461
26476 26477 26478 26479 26480
26481 26482 26483 26484 26485
26516 26517 26518 26548 26549
26559 26560 26561 26572 26573
26574 26575 26576 26585 26586
26587 26588 26628 26629 26630
26631 26633 26634 26635 26636
26641 26642 26643 26644 26670
26671 26672 26673 26674 26675
26680 26681 26704 26705 26706
26707 26708 26709 26710 26711
26712 26716 26717 26718 26719
26720 26726 26727 26728 26729
26754 26755 26756 26757 26758
26759 26760 26761 26762 26763
26764 26800 26801 26802 26803
26804 26805 26806 26807 26808
26809 26810 26811 26812 26813
26814 26815 26816 26817 26818
26839 26840 26841 26851 26852
26860 26861 26862 26881 26882
26883 26884 26885 26886 26887
26888 26889 26890 26915 26916
26917 26918 26919 26922 26923
26924 26925 26926 26927 26928
26929 26947 26948 26959 26960
26961 26962 26963 26977 26978
26979 26980 26981 26982 26983
26987 26988 27007 27008 27009
27010 27011 27012 27013 27014
27015 27016 27017 27018 27019
27020 27021 27022 27023 27024
27030 27031 27032 27033 27034
27035 27036 27037 27038 27039
27040 27041 27042 27043 27044
27045 27046 27047 27053 27089
27090 27091 27092 27093 27111
27112 27113 27114 27130 27131
27132 27133 27134 27135 27136
27137 27151 27152 27153 27154
27155 27156 27157 27158 27159
27160 27161 27162 27163 27198
27199 27200 27201 27202 27211
27219 27220 27225 27226 27227
27228 27232 27233 27240 27241
27242 27266 27281 27282 27283
27284 27289 27290 27291 27292
27293 27294 27295 27296 27297
27300 27301 27302 27303 27304
27305 27306 27307 27308 27309
27310 27317 27318 27319 27320
27321 27322 27323 27331 27332
27333 27334 27372 27394 27395
27396 27397 27398 27399 27400
27401 27402 27403 27404 27405
27419 27420 27421 27422 27423
27432 27468 27476 27477 27478
27485 27493 27494 27495 27498
27499 27500 27501 27502 27503
27504 27505 27506 27525 27526
27527 27528 27533 27534 27535
27536 27538 27539 27540 27545
27546 27547 27548 27549 27550
27551 27554 27565 27566 27570
27571 27572 27573 27578 27579
27580 27581 27582 27583 27584
27585 27586 27587 27588 27630
27631 27632 27637 27638 27639
27640 27641 27642 27643 27709
27710 27711 27712 27713 27714
27735 27736 27737 27738 27744
27745 27746 27747 27748 27749
27750 27772 27773 27774 27782
27783 27784 27785 27786 27787
27788 27789 27790 27791 27792
27793 27794 27795 27796 27797
27798 27826 27827 27828 27829
27830 27835 27836 27837 27845
27846 27847 27887 27888 27896
27897 27898 27899 27900 27901
27902 27903 27908 27909 27910
27911 27912 27917 27918 27919
27920 27921 27922 27923 27924
27925 27929 27930 27931 27932
27933 27934 27935 27936 27937
27938 27939 27940 27968 27969
27970 27979 27996 27997 27998
27999 28000 28001 28002 28012
28013 28014 28015 28016 28017
28018 28019 28020 28021 28058
28059 28060 28061 28066 28067
28068 28073 28074 28075 28076
28077 28096 28097 28098 28105
28106 28141 28142 28143 28144
28145 28146 28147 28148 28171
28178 28179 28180 28181 28182
28183 28184 28185 28186 28187
28188 28189 28190 28191 28192
28193 28194 28195 28196 28197
28198 28199 28200 28201 28212
28213 28235 28236 28237 28238
28239 28240 28241 28242 28243
28244 28245 28254 28255 28256
28277 28278 28279 28289 28290
28291 28296 28297 28298 28299
28300 28301 28302 28303 28310
28311 28312 28313 28334 28335
28336 28337 28342 28343 28344
28345 28346 28347 28348 28349
28350 28411 28412 28413 28414
28441 28442 28443 28444 28445
28478 28479 28480 28497 28498
28499 28519 28520 28521 28529
28530 28531 28532 28533 28534
28535 28536 28537 28538 28539
28540 28547 28548 28549 28550
28551 28589 28590 28591 28592
28593 28594 28595 28596 28597
28598 28599 28600 28601 28602
28603 28634 28635 28636 28637
28638 28639 28640 28641 28642
28643 28644 28645 28646 28647
28685 28686 28687 28688 28698
28708 28709 28710 28711 28712
28713 28714 28715 28716 28717
28718 28719 28720 28726 28727
28748 28749 28750 28751 28752
28762 28791 28792 28793 28794
28795 28796 28797 28816 28817
28818 28819 28833 28834 28835
28836 28837 28838 28839 28840
28841 28842 28843 28844 28845
28846 28847 28848 28849 28850
28851 28852 28855 28856 28857
28858 28859 28860 28861 28862
28873 28874 28875 28884 28885
28886 28887 28888 28893 28894
28895 28896 28897 28898 28899
28900 28901 28902 28916 28917
28918 28919 28920 28921 28955
28956 28957 28981 28983 28984
28985 28986 28987 28993 28994
28995 28996 28997 28998 29010
29011 29012 29013 29018 29019
29020 29024 29025 29026 29041
29042 29043 29044 29045 29046
29047 29048 29049 29050 29058
29059 29060 29061 29062 29063
29069 29070 29071 29072 29073
29074 29075 29076 29077 29078
29079 29101 29102 29103 29108
29109 29110 29111 29112 29113
29114 29116 29117 29118 29119
29120 29121 29122 29123 29124
29125 29126 29127 29128 29129
29130 29131 29138 29139 29140
29141 29178 29179 29180 29181
29182 29183 29184 29185 29186
29187 29205 29206 29207 29208
29209 29210 29211 29212 29213
29214 29215 29250 29251 29252
29253 29269 29270 29307 29308
29309 29310 29311 29312 29343
29344 29345 29354 29355 29356
29357 29358 29363 29364 29365
29366 29367 29368 29374 29375
29376 29377 29378 29432 29433
29434 29437 29438 29439 29453
29454 29455 29456 29457 29458
29465 29466 29488 29512 29513
29514 29515 29516 29551 29552
29553 29554 29555 29574 29575
29576 29577 29578 29579 29580
29581 29597 29598 29599 29600
29601 29602 29603 29604 29605
29606 29607 29608 29609 29610
29611 29613 29614 29615 29616
29617 29628 29629 29630 29631
29656 29657 29676 29677 29678
29679 29680 29686 29687 29688
29689 29690 29691 29692 29693
29694 29695 29696 29697 29698
29699 29700 29701 29715 29716
29717 29718 29732 29733 29734
29763 29764 29765 29766 29767
29768 29769 29770 29771 29772
29773 29774 29786 29787 29788
29794 29795 29796 29797 29798
29799 29800 29801 29802 29803
29804 29805 29806 29807 29808
29809 29828 29829 29830 29831
29832 29833 29834 29840 29841
29842 29843 29852 29853 29854
29855 29856 29857 29862 29863
29864 29865 29866 29871 29872
29876 29877 29878 29879 29880
29884 29885 29886 29887 29890
29891 29892 29893 29894 29895
29896 29897 29903 29904 29905
29906 29907 29915 29916 29917
29918 29919 29920 29921 29922
29923 29962 29975 29976 29977
29978 29979 29998 29999 30000
30001 30002 30003 30010 30011
30012 30020 30021 30022 30034
30035 30038 30039 30040 30041
30042 30043 30044 30045 30072
30073 30077 30078 30079 30093
30094 30095 30096 30097 30098
30099 30127 30128 30137 30138
30139 30140 30146 30147 30148
30165 30166 30167 30168 30169
30170 30171 30172 30173 30174
30180 30181 30182 30183 30185
30186 30187 30224 30225 30226
30227 30232 30291 30292 30293
30294 30295 30311 30312 30313
30386 30387 30410 30411 30412
30413 30416 30417 30418 30419
30420 30424 30425 30426 30436
30437 30438 30439 30460 30461
30462 30463 30464 30465 30466
30481 30482 30510 30511 30512
30521 30522 30523 30524 30528
30529 30532 30533 30534 30535
30536 30537 30538 30539 30540
30541 30542 30543 30544 30545
30546 30547 30602 30603 30604
30605 30606 30635 30636 30637
30665 30666 30667 30668 30669
30670 30671 30672 30673 30674
30675 30690 30715 30716 30717
30718 30719 30720 30721 30733
30734 30735 30736 30737 30738
30739 30740 30775 30783 30784
30785 30788 30789 30790 30799
30800 30812 30813 30814 30815
30825 30826 30827 30828 30829
30830 30831 30879 30880 30905
30906 30907 30908 30909 30910
30911 30912 30918 30919 30920
30921 30922 30923 30924 30925
30926 30927 30928 30929 30938
30939 30940 30941 30942 30948
30949 30964 30965 30966 30967
30979 30980 30981 30982 30983
30993 30994 30995 30996 30997
30998 30999 31000 31011 31012
31013 31014 31025 31031 31032
31033 31034 31044 31045 31046
31047 31048 31049 31060 31061
31062 31072 31073 31074 31075
31076 31077 31078 31090 31091
31109 31110 31111 31112 31113
31114 31115 31123 31124 31125
31151 31152 31153 31154 31171
31172 31173 31174 31175 31197
31198 31199 31200 31201 31202
31203 31210 31211 31212 31213
31214 31215 31216 31217 31218
31219 31220 31221 31222 31223
31224 31227 31228 31229 31230
31231 31241 31242 31243 31250
31251 31252 31253 31254 31255
31256 31257 31258 31259 31260
31264 31265 31266 31267 31268
31269 31286 31287 31288 31297
31298 31299 31300 31301 31302
31303 31304 31305 31306 31310
31311 31312 31313 31314 31319
31331 31332 31333 31334 31335
31336 31337 31338 31339 31340
31341 31353 31354 31355 31372
31373 31374 31381 31382 31383
31384 31385 31386 31387 31388
31398 31399 31400 31401 31424
31425 31426 31435 31436 31437
31438 31439 31440 31441 31442
31443 31444 31504 31505 31506
31543 31544 31545 31553 31571
31572 31573 31574 31575 31576
31577 31578 31579 31580 31581
31608 31609 31616 31617 31618
31619 31620 31621 31622 31627
31628 31629 31630 31631 31632
31633 31635 31636 31640 31641
31651 31652 31653 31654 31694
31695 31696 31700 31701 31710
31711 31712 31713 31714 31734
31735 31736 31737 31738 31739
31751 31752 31753 31754 31755
31756 31760 31761 31762 31763
31764 31765 31773 31774 31779
31780 31781 31797 31798 31799
31812 31813 31814 31815 31834
31837 31838 31839 31845 31846
31847 31848 31849 31850 31853
31865 31866 31867 31868 31873
31874 31875 31876 31877 31878
31879 31880 31881 31887 31888
31893 31894 31895 31896 31897
31902 31903 31904 31908 31909
31910 31911 31916 31917 31918
31924 31925 31926 31927 31928
31929 31930 31963 31964 31965
31993 31994 31995 31996 31997
31998 31999 32000 32015 32016
32033 32034 32046 32047 32048
32049 32050 32053 32054 32055
32056 32057 32058 32059 32062
32063 32064 32065 32066 32067
32068 32069 32074 32075 32076
32077 32078 32079 32080 32081
32082 32083 32084 32085 32086
32090 32091 32092 32093 32094
32095 32096 32097 32098 32099
32100 32101 32107 32108 32109
32110 32113 32114 32115 32116
32117 32151 32152 32153 32154
32155 32166 32167 32168 32176
32177 32178 32179 32185 32186
32187 32188 32189 32190 32215
32216 32217 32218 32219 32241
32242 32243 32244 32245 32246
32247 32251 32252 32253 32254
32261 32262 32263 32269 32279
32280 32281 32282 32285 32286
32287 32288 32291 32292 32293
32308 32309 32334 32335 32336
32370 32371 32372 32373 32387
32388 32389 32390 32407 32408
32409 32413 32414 32415 32426
32496 32497 32502 32503 32504
32511 32512 32513 32514 32515
32537 32538 32539 32552 32553
32554 32555 32568 32569 32570
32571 32595 32596 32606 32607
32611 32612 32613 32614 32629
32630 32631 32637 32638 32639
32640 32641 32642 32643 32644
32645 32646 32647 32648 32656
32657 32658 32659 32660 32661
32662 32663 32685 32686 32687
32688 32693 32694 32695 32696
32697 32698 32699 32700 32701
32702 32703 32704 32705 32706
32707 32708 32709 32745 32746
32747 32748 32765 32766 32767
32819 32820 32821 32822 32823
32824 32825 32826 32827 32848
32849 32850 32851 32852 32857
32858 32859 32860 32861 32862
32863 32864 32865 32888 32889
32890 32904 32905 32906 32943
32944 32945 32946 32947 32962
32963 33021 33026 33027 33028
33029 33030 33031 33032 33033
33034 33035 33036 33037 33043
33044 33045 33046 33047 33052
33053 33081 33082 33083 33097
33098 33099 33100 33137 33138
33139 33140 33141 33162 33163
33176 33177 33178 33179 33180
33194 33195 33214 33215 33216
33219 33220 33221 33222 33223
33224 33225 33228 33229 33230
33231 33232 33233 33234 33235
33236 33237 33238 33239 33240
33241 33242 33284 33285 33289
33290 33291 33292 33293 33294
33318 33319 33320 33321 33322
33323 33324 33327 33328 33329
33338 33339 33340 33341 33342
33343 33344 33345 33346 33355
33356 33357 33358 33359 33360
33365 33366 33367 33368 33369
33374 33375 33376 33377 33378
33379 33384 33385 33386 33387
33388 33389 33390 33391 33392
33393 33394 33395 33396 33397
33398 33436 33437 33438 33439
33440 33441 33449 33450 33451
33452 33453 33454 33483 33484
33485 33486 33501 33502 33503
33510 33511 33512 33513 33514
33515 33516 33533 33534 33535
33536 33537 33538 33544 33545
33546 33550 33560 33561 33562
33563 33564 33565 33566 33597
33598 33599 33600 33601 33607
33608 33609 33610 33611 33612
33613 33618 33619 33620 33621
33622 33623 33624 33630 33631
33632 33633 33634 33635 33723
33724 33725 33726 33727 33728
33729 33730 33731 33732 33733
33734 33735 33736 33737 33758
33759 33760 33764 33765 33766
33767 33774 33775 33776 33777
33778 33787 33788 33789 33790
33791 33792 33793 33794 33795
33796 33802 33803 33804 33811
33812 33813 33814 33815 33816
33817 33818 33819 33831 33832
33833 33834 33835 33839 33840
33861 33862 33863 33864 33865
33866 33873 33874 33875 33876
33877 33878 33879 33887 33888
33889 33890 33891 33892 33893
33894 33895 33896 33914 33922
33923 33924 33925 33930 33931
33932 33950 33951 33952 33969
34003 34004 34005 34006 34007
34014 34015 34016 34067 34068
34098 34099 34111 34112 34113
34114 34115 34116 34130 34131
34132 34133 34134 34135 34136
34137 34152 34160 34161 34162
34163 34164 34165 34166 34167
34168 34169 34170 34171 34172
34173 34174 34175 34176 34177
34193 34194 34195 34196 34197
34198 34199 34200 34201 34202
34214 34231 34232 34233 34234
34235 34236 34237 34249 34250
34251 34252 34253 34267 34268
34269 34270 34271 34272 34273
34283 34284 34285 34286 34287
34288 34289 34294 34295 34296
34308 34309 34315 34316 34325
34326 34327 34328 34329 34330
34347 34348 34349 34350 34351
34352 34353 34354 34355 34356
34357 34362 34363 34364 34365
34366 34367 34368 34369 34370
34371 34372 34391 34392 34393
34394 34419 34420 34421 34422
34426 34427 34428 34429 34430
34431 34446 34447 34448 34449
34486 34487 34488 34489 34490
34491 34499 34500 34501 34502
34503 34504 34522 34523 34536
34537 34538 34539 34540 34541
34542 34543 34544 34545 34581
34582 34583 34584 34585 34586
34587 34588 34589 34590 34591
34592 34593 34594 34598 34599
34600 34601 34602 34611 34643
34644 34645 34646 34647 34648
34649 34650 34651 34652 34678
34679 34680 34681 34695 34696
34697 34732 34733 34734 34743
34744 34745 34746 34752 34753
34767 34768 34769 34774 34775
34776 34777 34778 34779 34832
34833 34834 34843 34871 34872
34873 34874 34875 34876 34877
34878 34879 34880 34881 34884
34885 34886 34887 34888 34889
34890 34906 34907 34908 34909
34912 34918 34919 34920 34921
34922 34931 34932 34933 34934
34975 35005 35006 35007 35010
35011 35012 35013 35014 35015
35016 35017 35018 35019 35020
35040 35041 35053 35054 35055
35085 35086 35087 35098 35099
35100 35101 35102 35103 35104
35105 35106 35107 35108 35109
35110 35111 35112 35113 35114
35115 35116 35117 35118 35124
35129 35130 35131 35132 35163
35164 35165 35173 35177 35178
35179 35180 35196 35197 35198
35199 35200 35222 35223 35224
35225 35226 35227 35228 35229
35230 35231 35236 35237 35238
35248 35255 35256 35262 35263
35264 35273 35274 35276 35283
35284 35297 35298 35303 35304
35327 35328 35329 35330 35331
35333 35334 35335 35360 35361
35362 35364 35365 35366 35370
35371 35372 35373 35374 35375
35376 35377 35378 35379 35380
35386 35398 35399 35400 35401
35402 35408 35409 35410 35411
35412 35413 35414 35421 35422
35423 35424 35425 35426 35461
35462 35463 35464 35465 35466
35486 35487 35488 35489 35490
35491 35519 35520 35529 35537
35538 35539 35540 35541 35542
35546 35547 35548 35549 35550
35551 35552 35553 35554 35555
35556 35557 35558 35559 35560
35561 35562 35563 35564 35565
35566 35567 35568 35569 35580
35581 35603 35604 35621 35622
35623 35624 35625 35626 35627
35628 35644 35645 35646 35657
35658 35667 35668 35669 35670
35671 35672 35673 35674 35675
35676 35677 35678 35679 35680
35681 35682 35683 35684 35685
35692 35693 35694 35695 35696
35697 35698 35708 35718 35719
35720 35770 35771 35772 35773
35774 35779 35814 35815 35816
35817 35818 35819 35820 35821
35822 35824 35825 35826 35827
35864 35865 35866 35867 35868
35869 35870 35871 35872 35873
35876 35877 35878 35879 35880
35881 35882 35883 35884 35896
35897 35898 35901 35902 35903
35904 35905 35961 36009 36010
36011 36012 36013 36014 36015
36016 36049 36050 36051 36052
36053 36054 36055 36068 36069
36070 36071 36072 36073 36074
36082 36083 36084 36085 36086
36087 36088 36102 36103 36107
36108 36109 36113 36114 36115
36116 36131 36132 36133 36134
36135 36136 36137 36138 36139
36140 36141 36142 36143 36144
36145 36146 36147 36148 36149
36150 36151 36152 36153 36154
36155 36156 36157 36158 36159
36160 36161 36162 36163 36192
36193 36194 36195 36228 36229
36297 36298 36318 36319 36320
36321 36322 36323 36324 36325
36326 36343 36344 36345 36358
36359 36392 36393 36394 36395
36403 36404 36405 36406 36407
36408 36409 36416 36417 36418
36419 36433 36434 36435 36436
36474 36475 36476 36477 36482
36483 36484 36485 36486 36492
36493 36494 36495 36496 36497
36503 36511 36512 36522 36523
36524 36525 36526 36527 36528
36536 36537 36543 36544 36545
36546 36547 36548 36549 36550
36551 36552 36553 36554 36565
36569 36570 36571 36572 36573
36574 36575 36576 36577 36578
36579 36580 36581 36582 36583
36594 36595 36596 36608 36619
36620 36621 36622 36623 36624
36625 36626 36627 36628 36629
36630 36631 36632 36633 36634
36635 36636 36637 36638 36639
36640 36641 36648 36649 36650
36651 36652 36653 36654 36655
36669 36670 36671 36672 36673
36684 36685 36686 36687 36718
36719 36720 36721 36753 36790
36791 36792 36869 36870 36871
36872 36873 36874 36875 36882
36883 36884 36885 36900 36903
36904 36905 36906 36907 36908
36909 36910 36911 36912 36913
36914 36915 36921 36929 36930
36931 36932 36970 36971 36972
36973 36977 36978 36989 36990
36991 36992 36993 36994 36995
37034 37035 37036 37037 37038
37039 37040 37043 37044 37045
37046 37047 37048 37049 37050
37051 37052 37053 37059 37060
37061 37062 37063 37064 37065
37066 37100 37101 37184 37191
37195 37196 37197 37198 37199
37200 37201 37202 37203 37204
37205 37206 37207 37208 37209
37210 37281 37284 37285 37286
37287 37295 37296 37322 37323
37324 37325 37326 37334 37335
37336 37337 37338 37371 37372
37373 37374 37375 37391 37392
37393 37394 37395 37396 37397
37398 37399 37400 37401 37434
37435 37436 37437 37438 37461
37462 37463 37464 37465 37466
37467 37468 37469 37481 37488
37489 37490 37491 37492 37493
37498 37499 37500 37501 37502
37503 37504 37505 37506 37513
37514 37515 37516 37517 37518
37519 37520 37521 37522 37523
37524 37525 37526 37527 37542
37556 37557 37558 37559 37560
37561 37562 37563 37564 37565
37598 37599 37600 37601 37602
37603 37604 37605 37611 37612
37613 37650 37651 37652 37653
37663 37664 37665 37666 37676
37677 37678 37679 37680 37687
37688 37704 37705 37706 37710
37711 37720 37721 37722 37723
37731 37732 37758 37759 37772
37773 37774 37792 37793 37794
37795 37796 37814 37820 37821
37822 37827 37828 37829 37830
37831 37832 37833 37834 37835
37836 37863 37864 37865 37866
37867 37868 37884 37885 37886
37887 37888 37889 37890 37891
37892 37900 37901 37902 37903
37927 37928 37929 37930 37931
37932 37960 37961 37962 37984
37985 37986 37987 37988 37989
37994 37995 37996 37997 37998
37999 38000 38001 38002 38006
38022 38023 38024 38025 38042
38043 38044 38045 38046 38047
38048 38049 38050 38051 38052
38053 38054 38057 38082 38083
38084 38085 38086 38087 38088
38092 38093 38094 38095 38096
38097 38098 38099 38100 38101
38102 38103 38104 38105 38112
38113 38114 38115 38116 38117
38118 38139 38140 38141 38142
38151 38152 38153 38154 38155
38156 38157 38158 38159 38160
38161 38162 38163 38164 38165
38166 38167 38168 38169 38180
38181 38182 38183 38184 38185
38190 38191 38231 38232 38233
38234 38235 38236 38237 38238
38239 38240 38241 38261 38262
38267 38268 38269 38270 38271
38272 38273 38274 38275 38299
38300 38301 38302 38303 38304
38305 38306 38307 38308 38318
38319 38320 38321 38322 38323
38324 38325 38326 38327 38328
38357 38358 38380 38381 38382
38383 38384 38385 38386 38443
38444 38445 38446 38449 38450
38471 38472 38473 38481 38484
38485 38491 38492 38493 38494
38495 38501 38502 38503 38504
38505 38510 38511 38512 38513
38514 38515 38516 38527 38528
38529 38530 38531 38532 38533
38534 38538 38539 38640 38641
38642 38643 38644 38645 38646
38647 38668 38669 38670 38677
38678 38679 38680 38681 38682
38683 38684 38685 38686 38687
38688 38689 38690 38691 38692
38693 38694 38717 38718 38719
38720 38721 38722 38723 38764
38765 38768 38769 38770 38771
38772 38773 38774 38775 38776
38777 38808 38809 38810 38811
38812 38813 38814 38815 38816
38817 38818 38819 38820 38880
38881 38882 38883 38897 38898
38899 38900 38901 38902 38903
38904 38928 38929 38930 38939
38940 38941 38965 38966 39019
39020 39021 39022 39023 39024
39034 39035 39036 39037 39038
39043 39044 39045 39046 39064
39065 39079 39080 39081 39082
39092 39093 39095 39096 39097
39139 39140 39141 39142 39143
39150 39151 39173 39174 39175
39176 39177 39231 39236 39237
39238 39239 39240 39241 39242
39261 39262 39263 39264 39277
39278 39279 39280 39281 39354
39355 39356 39357 39365 39366
39367 39368 39369 39373 39374
39375 39384 39385 39386 39387
39388 39389 39396 39397 39403
39404 39405 39406 39407 39408
39409 39416 39417 39418 39431
39432 39433 39434 39435 39436
39437 39438 39439 39440 39441
39446 39474 39475 39476 39477
39478 39479 39480 39481 39482
39483 39486 39487 39488 39500
39501 39504 39505 39506 39507
39508 39509 39510 39511 39512
39514 39515 39516 39517 39560
39561 39562 39563 39579 39580
39581 39582 39644 39645 39646
39670 39671 39675 39676 39694
39695 39696 39697 39702 39703
39704 39718 39719 39720 39721
39753 39754 39755 39768 39769
39770 39771 39781 39782 39783
39784 39785 39786 39787 39788
39789 39790 39810 39811 39812
39813 39814 39815 39816 39817
39818 39819 39820 39842 39860
39861 39862 39863 39864 39865
39866 39867 39868 39871 39872
39873 39882 39883 39884 39885
39928 39929 39930 39935 39936
39937 39938 39939 39940 39941
39942 39943 39948 39962 39963
39964 39965 39966 39967 39986
39987 39988 39989 39990 39991
39992 39993 39994 39995 39996
39997 39998 39999 40000 40016
40017 40018 40019 40030 40031
40047 40048 40049 40050 40054
40055 40056 40057 40061 40062
40063 40064 40065 40072 40076
40081 40094 40095 40096 40097
40098 40111 40112 40113 40114
40115 40116 40130 40131 40148
40149 40150 40151 40162 40163
40164 40165 40204 40205 40206
40207 40208 40209 40232 40242
40243 40244 40256 40257 40285
40286 40287 40292 40293 40294
40295 40296 40297 40304 40331
40332 40333 40334 40335 40342
40343 40344 40345 40346 40356
40357 40374 40375 40395 40396
40397 40398 40399 40400 40401
40402 40403 40404 40405 40417
40418 40419 40420 40421 40422
40423 40424 40425 40426 40427
40461 40462 40463 40464 40488
40489 40490 40491 40492 40493
40494 40495 40496 40497 40498
40499 40500 40510 40511 40512
40513 40523 40524 40525 40551
40552 40553 40554 40555 40580
40592 40593 40618 40619 40620
40621 40622 40647 40648 40649
40650 40651 40652 40653 40654
40655 40656 40657 40658 40659
40660 40661 40662 40663 40664
40665 40687 40688 40689 40690
40691 40713 40714 40715 40716
40717 40718 40719 40720 40721
40722 40723 40724 40725 40726
40727 40728 40729 40733 40734
40735 40736 40737 40744 40745
40746 40747 40748 40751 40752
40753 40759 40760 40761 40762
40763 40764 40765 40785 40786
40787 40788 40789 40790 40791
40792 40793 40794 40795 40796
40797 40798 40799 40800 40801
40802 40803 40804 40805 40806
40807 40808 40809 40810 40811
40818 40819 40825 40826 40827
40848 40849 40850 40855 40856
40857 40858 40859 40882 40883
40911 40912 40916 40917 40918
40919 40920 40921 40922 40923
40924 40925 40926 40927 40928
40929 40930 40931 40932 40933
40942 40943 40944 40945 40946
40947 40950 40951 40952 40954
41016 41017 41018 41019 41024
41025 41026 41027 41028 41029
41035 41052 41053 41054 41055
41056 41060 41061 41062 41063
41064 41065 41066 41067 41068
41069 41070 41071 41072 41073
41074 41075 41076 41077 41078
41079 41080 41081 41082 41083
41103 41104 41105 41106 41107
41111 41112 41113 41114 41115
41116 41117 41118 41119 41120
41149 41150 41151 41152 41154
41203 41204 41205 41206 41207
41218 41219 41220 41230 41231
41232 41233 41234 41235 41236
41237 41238 41239 41240 41241
41242 41243 41244 41245 41246
41247 41248 41249 41250 41251
41252 41253 41254 41255 41256
41257 41258 41259 41260 41267
41268 41269 41270 41271 41280
41281 41282 41283 41284 41285
41286 41287 41325 41326 41327
41328 41333 41334 41335 41336
41340 41341 41342 41343 41344
41345 41346 41347 41348 41349
41350 41351 41375 41376 41377
41378 41379 41380 41390 41391
41392 41393 41394 41395 41396
41397 41398 41399 41437 41438
41439 41440 41441 41442 41443
41444 41445 41446 41447 41448
41449 41450 41486 41487 41488
41489 41490 41491 41492 41493
41494 41495 41505 41506 41514
41522 41523 41524 41539 41540
41541 41542 41543 41557 41558
41559 41560 41561 41562 41563
41589 41590 41591 41592 41593
41594 41610 41611 41612 41613
41630 41631 41632 41633 41634
41635 41636 41637 41638 41652
41653 41654 41655 41656 41657
41658 41664 41665 41666 41667
41668 41679 41680 41688 41689
41693 41694 41701 41702 41703
41704 41705 41706 41715 41716
41717 41718 41719 41736 41737
41738 41739 41740 41741 41747
41748 41749 41750 41751 41759
41760 41761 41762 41768 41769
41776 41777 41779 41780 41781
41782 41785 41786 41787 41788
41789 41790 41791 41792 41796
41797 41798 41799 41800 41801
41802 41817 41821 41822 41823
41824 41825 41826 41829 41830
41831 41832 41833 41834 41862
41863 41864 41870 41893 41894
41895 41896 41935 41936 41937
41938 41948 41949 41955 41956
41957 41962 41963 41964 41965
41966 41973 41974 41975 41976
41977 41982 41983 41984 41985
41991 41992 41993 41994 41995
41996 42008 42009 42010 42011
42012 42013 42014 42028 42029
42030 42044 42045 42046 42047
42048 42049 42057 42058 42059
42060 42069 42070 42071 42072
42073 42093 42094 42095 42096
42105 42106 42107 42108 42126
42127 42144 42145 42146 42147
42151 42152 42153 42154 42158
42159 42160 42161 42162 42163
42199 42200 42201 42202 42203
42204 42230 42231 42232 42233
42244 42245 42246 42247 42248
42249 42250 42251 42252 42253
42254 42258 42259 42260 42261
42266 42267 42268 42269 42270
42278 42279 42280 42281 42291
42292 42293 42294 42295 42296
42297 42298 42299 42300 42301
42310 42311 42312 42313 42314
42315 42316 42317 42318 42319
42322 42323 42324 42325 42343
42344 42355 42356 42381 42382
42383 42384 42387 42388 42389
42390 42391 42414 42415 42416
42417 42418 42419 42425 42426
42427 42428 42429 42430 42431
42432 42433 42434 42435 42436
42437 42438 42439 42440 42441
42444 42445 42446 42447 42448
42449 42468 42469 42471 42472
42473 42474 42475 42496 42497
42498 42529 42538 42539 42540
42541 42542 42543 42558 42559
42605 42606 42607 42608 42609
42610 42611 42612 42613 42614
42615 42624 42625 42626 42627
42628 42629 42630 42631 42634
42635 42655 42656 42657 42658
42659 42671 42672 42673 42674
42675 42676 42677 42678 42684
42685 42686 42687 42688 42689
42690 42691 42695 42696 42708
42709 42710 42711 42714 42715
42722 42723 42724 42725 42726
42727 42728 42729 42730 42731
42732 42733 42734 42735 42736
42737 42745 42746 42756 42757
42758 42759 42760 42761 42773
42774 42775 42776 42779 42780
42781 42782 42784 42785 42786
42787 42801 42802 42803 42813
42814 42815 42820 42823 42824
42825 42826 42827 42831 42832
42847 42848 42849 42850 42851
42852 42853 42854 42891 42892
42893 42894 42902 42903 42921
42922 42923 42924 42925 42926
42927 42928 42943 42944 42945
42949 42950 42968 42969 42970
42971 42972 42973 42981 42982
42983 42984 42985 42986 42987
42988 42990 42991 42992 42993
42994 42995 42996 43008 43009
43010 43011 43012 43013 43014
43015 43016 43017 43039 43040
43041 43042 43043 43044 43045
43046 43047 43054 43055 43056
43057 43058 43059 43065 43066
43067 43074 43075 43076 43077
43078 43079 43080 43081 43082
43096 43097 43098 43099 43117
43118 43119 43120 43121 43122
43123 43154 43155 43156 43168
43169 43170 43171 43172 43173
43174 43210 43211 43212 43213
43214 43215 43221 43222 43223
43224 43229 43230 43231 43232
43233 43234 43235 43236 43237
43247 43254 43255 43256 43257
43258 43259 43260 43267 43268
43271 43272 43273 43274 43275
43276 43282 43283 43284 43289
43290 43324 43325 43326 43327
43332 43333 43334 43335 43336
43337 43338 43345 43365 43366
43367 43368 43369 43373 43374
43375 43376 43377 43378 43379
43380 43381 43382 43394 43395
43396 43397 43398 43399 43400
43406 43407 43408 43409 43410
43411 43421 43422 43423 43424
43435 43436 43442 43443 43444
43453 43454 43456 43457 43458
43459 43475 43476 43477 43478
43479 43508 43509 43510 43511
43512 43513 43514 43515 43516
43517 43518 43519 43520 43521
43570 43571 43572 43573 43578
43579 43580 43581 43588 43589
43590 43608 43640 43641 43642
43643 43644 43645 43648 43649
43650 43651 43652 43653 43654
43655 43656 43660 43661 43662
43663 43664 43665 43666 43667
43696 43697 43716 43721 43722
43723 43724 43725 43726 43727
43728 43729 43730 43731 43732
43733 43734 43735 43736 43737
43738 43752 43753 43754 43764
43765 43766 43767 43768 43769
43770 43771 43772 43773 43774
43775 43776 43777 43778 43779
43785 43786 43793 43794 43795
43796 43801 43810 43812 43813
43814 43815 43821 43822 43823
43824 43825 43826 43827 43828
43829 43830 43831 43836 43837
43883 43888 43889 43890 43891
43892 43893 43894 43895 43896
43897 43898 43899 43900 43901
43902 43903 43904 43905 43906
43907 43908 43909 43910 43911
43912 43913 43923 43924 43925
43926 43927 43928 43929 43939
43940 43941 43942 43943 43944
43945 43946 43956 43970 44038
44039 44040 44041 44050 44051
44052 44053 44054 44055 44066
44067 44068 44069 44070 44071
44103 44104 44132 44133 44134
44135 44136 44137 44138 44155
44156 44157 44178 44179 44195
44196 44254 44255 44256 44257
44261 44263 44264 44265 44266
44267 44268 44269 44270 44271
44272 44281 44282 44297 44298
44299 44300 44301 44313 44314
44315 44316 44317 44318 44319
44356 44357 44358 44359 44360
44361 44368 44369 44370 44371
44372 44378 44379 44380 44381
44382 44383 44384 44419 44420
44421 44422 44431 44432 44433
44441 44442 44443 44444 44445
44446 44447 44448 44449 44450
44451 44471 44472 44478 44479
44480 44481 44482 44483 44484
44485 44486 44511 44512 44513
44514 44515 44531 44532 44533
44534 44535 44537 44538 44539
44540 44541 44569 44570 44571
44593 44594 44595 44596 44597
44598 44599 44624 44625 44626
44627 44630 44631 44632 44633
44634 44652 44653 44654 44667
44668 44669 44670 44671 44672
44673 44674 44675 44676 44677
44683 44684 44685 44686 44687
44688 44689 44690 44691 44692
44693 44694 44699 44700 44701
44702 44703 44704 44705 44706
44707 44736 44737 44752 44753
44754 44755 44756 44762 44767
44768 44769 44770 44773 44774
44775 44776 44777 44778 44779
44783 44784 44785 44793 44794
44795 44796 44797 44798 44802
44803 44804 44805 44806 44807
44808 44812 44813 44814 44815
44816 44817 44818 44819 44820
44821 44822 44827 44828 44829
44830 44831 44832 44833 44834
44835 44836 44837 44838 44840
44841 44842 44848 44855 44856
44857 44858 44859 44879 44880
44881 44894 44895 44960 44961
44962 44967 44968 44969 44970
44971 44972 44976 44977 44978
44979 44980 44981 44986 44987
44988 44992 44998 44999 45000
45001 45002 45003 45019 45020
45021 45022 45023 45024 45025
45026 45027 45028 45029 45049
45050 45051 45052 45056 45057
45074 45075 45076 45077 45078
45084 45085 45086 45087 45088
45089 45105 45106 45107 45113
45114 45115 45127 45128 45129
45130 45131 45132 45133 45134
45135 45136 45167 45168 45169
45170 45171 45172 45173 45174
45175 45176 45177 45191 45192
45193 45194 45195 45196 45197
45198 45199 45202 45203 45204
45205 45209 45210 45211 45212
45213 45214 45215 45216 45217
45218 45219 45220 45243 45244
45245 45246 45260 45262 45263
45287 45288 45289 45290 45307
45308 45309 45310 45311 45312
45313 45314 45315 45316 45317
45318 45319 45320 45321 45322
45323 45324 45325 45340 45341
45342 45343 45344 45352 45353
45354 45364 45365 45371 45372
45373 45374 45375 45376 45377
45378 45379 45396 45397 45398
45399 45400 45401 45410 45411
45412 45413 45414 45432 45433
45434 45435 45438 45439 45440
45441 45442 45443 45444 45445
45458 45459 45460 45515 45516
45517 45518 45521 45565 45566
45567 45568 45569 45575 45576
45577 45578 45579 45580 45581
45582 45586 45587 45588 45589
45607 45608 45609 45610 45645
45646 45647 45666 45667 45668
45669 45670 45671 45672 45682
45683 45684 45685 45686 45687
45688 45689 45715 45716 45717
45732 45733 45734 45740 45741
45742 45743 45744 45745 45746
45751 45752 45753 45754 45771
45772 45795 45796 45797 45798
45803 45804 45805 45806 45837
45888 45889 45890 45932 45944
45945 45946 45947 45948 45949
45967 45968 45969 45970 45971
45974 45982 45983 45984 45985
45986 45987 45988 45989 45990
45991 45992 46002 46034 46052
46053 46054 46055 46056 46057
46058 46059 46060 46064 46065
46066 46067 46078 46087 46088
46089 46090 46091 46092 46093
46094 46100 46101 46106 46107
46108 46115 46116 46117 46118
46119 46120 46121 46122 46123
46124 46125 46131 46132 46140
46141 46142 46143 46144 46145
46146 46162 46163 46164 46165
46166 46167 46168 46169 46170
46171 46172 46183 46184 46185
46186 46187 46188 46189 46205
46206 46207 46215 46216 46217
46232 46233 46234 46235 46236
46241 46242 46243 46244 46252
46253 46254 46255 46256 46257
46266 46271 46272 46273 46274
46281 46282 46283 46284 46285
46286 46287 46288 46289 46290
46291 46292 46293 46294 46295
46296 46297 46298 46299 46300
46301 46304 46305 46306 46307
46337 46338 46340 46341 46342
46343 46344 46357 46358 46359
46360 46361 46362 46369 46372
46373 46387 46390 46391 46392
46408 46440 46441 46442 46443
46446 46447 46448 46449 46450
46451 46452 46453 46454 46455
46467 46468 46469 46470 46471
46472 46473 46495 46496 46497
46504 46505 46506 46507 46508
46509 46510 46544 46545 46546
46547 46548 46549 46550 46551
46563 46597 46598 46599 46600
46601 46602 46603 46620 46621
46622 46623 46624 46625 46626
46627 46628 46629 46630 46635
46636 46637 46638 46639 46642
46643 46644 46645 46646 46647
46648 46649 46650 46679 46680
46681 46682 46683 46684 46685
46686 46687 46693 46694 46695
46696 46697 46698 46702 46703
46704 46705 46706 46709 46710
46711 46712 46713 46714 46719
46720 46721 46722 46742 46743
46744 46752 46753 46789 46790
46809 46810 46811 46812 46813
46814 46815 46816 46838 46839
46840 46841 46842 46843 46844
46845 46846 46847 46848 46849
46850 46851 46859 46860 46861
46862 46863 46864 46865 46866
46867 46882 46883 46884 46885
46886 46896 46897 46898 46899
46900 46901 46905 46926 46927
46928 46929 46930 46931 46938
46939 46940 46941 46942 46943
46944 46945 46970 46971 46972
46978 46979 46980 46981 46982
46983 46984 46985 46986 46987
46988 46994 46995 46996 47015
47016 47017 47018 47019 47020
47029 47030 47038 47039 47040
47041 47055 47056 47057 47058
47059 47060 47061 47062 47063
47064 47065 47067 47068 47069
47070 47071 47072 47073 47078
47079 47080 47081 47086 47087
47088 47089 47096 47101 47121
47122 47123 47129 47130 47131
47132 47133 47134 47135 47136
47137 47138 47150 47151 47152
47153 47154 47162 47163 47164
47165 47166 47167 47168 47170
47171 47172 47201 47202 47203
47204 47205 47206 47238 47239
47240 47241 47244 47245 47246
47247 47269 47270 47271 47272
47273 47274 47302 47303 47304
47305 47306 47321 47322 47325
47337 47338 47356 47357 47358
47363 47364 47365 47366 47368
47369 47370 47371 47372 47382
47383 47387 47388 47389 47390
47391 47397 47398 47399 47457
47458 47459 47460 47461 47462
47469 47470 47471 47472 47476
47477 47478 47479 47480 47481
47482 47483 47484 47489 47490
47491 47492 47493 47499 47500
47501 47502 47503 47534 47535
47536 47537 47538 47539 47540
47541 47542 47543 47544 47545
47561 47562 47563 47564 47565
47566 47567 47568 47577 47578
47594 47595 47596 47597 47598
47604 47605 47606 47607 47608
47609 47613 47614 47655 47656
47657 47658 47659 47660 47661
47665 47666 47667 47668 47669
47670 47671 47672 47681 47682
47697 47698 47699 47700 47701
47702 47703 47709 47710 47711
47712 47721 47722 47723 47724
47728 47729 47730 47736 47737
47738 47746 47747 47748 47749
47750 47751 47752 47753 47754
47755 47756 47757 47758 47762
47763 47764 47765 47766 47767
47768 47769 47770 47771 47772
47774 47775 47776 47777 47778
47779 47780 47781 47783 47784
47785 47786 47787 47788 47795
47796 47797 47798 47799 47800
47801 47802 47803 47804 47805
47806 47807 47808 47809 47810
47811 47812 47813 47814 47815
47821 47822 47823 47824 47825
47826 47827 47828 47838 47839
47840 47841 47848 47849 47850
47851 47852 47853 47854 47855
47856 47857 47858 47859 47860
47861 47862 47863 47864 47865
47866 47872 47873 47874 47875
47876 47877 47884 47885 47886
47887 47888 47889 47890 47927
47928 47929 47930 47931 47932
47933 47934 47935 47936 47937
47938 47939 47940 47941 47942
47943 47953 47954 47955 47991
47992 47993 47999 48004 48034
48035 48036 48053 48054 48055
48056 48057 48058 48059 48060
48064 48065 48066 48072 48073
48084 48085 48086 48092 48093
48094 48123 48124 48125 48126
48127 48128 48149 48154 48155
48156 48157 48158 48167 48168
48169 48170 48177 48178 48179
48180 48181 48182 48183 48184
48185 48186 48187 48188 48195
48196 48223 48224 48225 48226
48227 48228 48229 48243 48244
48245 48246 48259 48260 48272
48273 48274 48275 48286 48287
48288 48289 48290 48300 48301
48302 48303 48304 48323 48324
48332 48333 48352 48353 48354
48355 48356 48357 48409 48410
48411 48412 48413 48414 48415
48421 48433 48436 48437 48438
48439 48440 48441 48442 48443
48444 48445 48446 48447 48448
48449 48450 48451 48452 48529
48530 48531 48532 48533 48534
48552 48553 48554 48555 48556
48557 48558 48566 48583 48584
48591 48592 48593 48594 48600
48601 48602 48603 48604 48605
48606 48607 48608 48609 48610
48611 48619 48620 48621 48622
48623 48624 48625 48633 48634
48635 48636 48641 48648 48649
48650 48651 48652 48653 48654
48655 48656 48661 48662 48663
48664 48665 48666 48667 48668
48688 48705 48720 48740 48741
48746 48747 48748 48757 48758
48759 48760 48761 48762 48765
48766 48767 48768 48769 48823
48843 48844 48845 48846 48847
48848 48849 48850 48858 48859
48860 48861 48864 48865 48866
48867 48868 48869 48879 48880
48881 48882 48883 48884 48885
48886 48908 48909 48910 48911
48948 48949 48950 48951 48952
48958 48959 48960 48961 48962
48963 48964 48965 48966 48967
48968 49042 49043 49044 49045
49046 49047 49048 49049 49050
49057 49089 49090 49091 49092
49093 49094 49095 49103 49119
49120 49121 49122 49123 49124
49125 49148 49149 49150 49151
49161 49162 49163 49164 49165
49166 49215 49216 49217 49218
49219 49220 49225 49226 49227
49239 49240 49241 49242 49243
49250 49251 49252 49303 49323
49324 49325 49326 49327 49348
49349 49350 49351 49352 49353
49369 49370 49371 49373 49374
49375 49376 49377 49378 49384
49403 49404 49405 49406 49407
49442 49443 49444 49445 49446
49447 49448 49449 49450 49460
49461 49462 49463 49464 49468
49469 49470 49471 49472 49473
49474 49475 49476 49477 49478
49479 49497 49523 49552 49559
49560 49561 49562 49563 49573
49574 49606 49607 49608 49609
49610 49670 49671 49672 49673
49674 49675 49680 49681 49682
49683 49684 49685 49686 49717
49718 49719 49720 49721 49722
49724 49728 49729 49755 49756
49757 49780 49781 49782 49783
49784 49785 49786 49787 49788
49789 49812 49813 49814 49828
49829 49830 49831 49832 49833
49838 49839 49840 49841 49842
49864 49889 49890 49891 49892
49893 49894 49895 49896 49912
49913 49914 49915 49921 49922
49928 49929 49930 49931 49932
49933 49934 49935 49936 49937
49938 49960 49961 49978 49979
49980 49981 49985 49986 49987
49988 49989 49990 49991 49992
50020 50041 50042 50043 50044
50045 50063 50064 50065 50066
50067 50068 50069 50070 50071
50072 50073 50074 50075 50076
50080 50081 50082 50083 50084
50085 50097 50098 50099 50100
50101 50102 50106 50107 50125
50126 50127 50128 50133 50134
50135 50142 50143 50144 50145
50156 50157 50158 50159 50160
50161 50162 50177 50178 50179
50180 50181 50182 50183 50211
50212 50213 50214 50216 50217
50218 50219 50229 50230 50251
50252 50253 50254 50255 50256
50257 50264 50265 50266 50273
50274 50275 50276 50277 50311
50312 50313 50331 50332 50333
50334 50335 50336 50337 50338
50351 50357 50358 50359 50360
50361 50362 50363 50364 50365
50366 50367 50368 50369 50370
50371 50372 50373 50374 50384
50385 50386 50387 50388 50389
50390 50391 50392 50395 50396
50405 50406 50407 50408 50409
50410 50411 50412 50413 50414
50415 50416 50417 50418 50419
50420 50421 50425 50426 50427
50428 50429 50430 50431 50432
50433 50434 50435 50436 50437
50445 50446 50447 50448 50449
50450 50451 50452 50453 50469
50470 50471 50472 50473 50474
50478 50479 50480 50489 50530
50531 50532 50533 50534 50535
50536 50540 50544 50545 50546
50547 50548 50549 50550 50551
50562 50563 50564 50565 50576
50577 50578 50582 50583 50584
50585 50586 50587 50588 50589
50590 50591 50592 50593 50594
50595 50639 50640 50641 50642
50643 50644 50652 50653 50654
50660 50661 50662 50663 50664
50665 50666 50682 50683 50684
50685 50686 50687 50688 50689
50690 50691 50692 50693 50694
50695 50705 50706 50707 50708
50709 50710 50711 50712 50713
50714 50715 50716 50717 50718
50725 50726 50727 50728 50729
50730 50731 50732 50733 50734
50735 50736 50737 50738 50739
50740 50741 50742 50743 50763
50780 50781 50782 50787 50788
50791 50806 50807 50808 50809
50810 50811 50812 50855 50856
50857 50858 50859 50874 50894
50895 50896 50897 50898 50924
50925 50926 50927 50928 50929
50930 50931 50932 50933 50934
50935 50950 50951 50952 50953
50967 50973 50974 50975 50996
50997 50998 50999 51012 51013
51014 51015 51049 51050 51054
51055 51062 51063 51064 51065
51066 51067 51080 51081 51085
51086 51087 51088 51099 51100
51101 51102 51103 51104 51105
51106 51107 51142 51143 51146
51147 51148 51149 51150 51153
51154 51155 51159 51160 51161
51162 51165 51166 51167 51171
51172 51173 51174 51175 51188
51189 51190 51191 51209 51210
51211 51212 51213 51214 51215
51216 51222 51223 51224 51225
51226 51227 51228 51234 51235
51236 51237 51252 51253 51271
51272 51329 51330 51331 51338
51339 51340 51355 51356 51357
51358 51359 51367 51368 51369
51370 51371 51372 51373 51374
51375 51376 51377 51378 51379
51380 51381 51382 51383 51384
51385 51386 51387 51388 51389
51390 51391 51392 51393 51394
51395 51418 51419 51420 51421
51422 51423 51424 51425 51448
51462 51477 51478 51501 51502
51503 51504 51524 51525 51526
51527 51528 51589 51607 51608
51609 51610 51611 51612 51613
51614 51615 51616 51617 51618
51619 51620 51621 51622 51623
51624 51633 51634 51635 51636
51637 51638 51639 51640 51641
51642 51643 51648 51649 51650
51651 51652 51653 51659 51660
51661 51662 51702 51703 51704
51705 51706 51711 51712 51713
51714 51716 51717 51718 51719
51720 51721 51734 51735 51736
51737 51738 51739 51743 51744
51745 51746 51775 51776 51777
51778 51788 51789 51790 51791
51795 51807 51808 51809 51810
51823 51824 51840 51841 51842
51843 51844 51845 51846 51847
51848 51849 51850 51851 51852
51853 51858 51859 51867 51868
51876 51877 51878 51901 51902
51903 51904 51905 51914 51915
51916 51917 51918 51919 51935
51936 51937 51945 51946 51947
51948 51949 51950 51951 51952
51953 51954 51955 51989 51990
51991 51992 51993 52004 52014
52015 52016 52025 52026 52027
52028 52029 52030 52031 52032
52033 52034 52072 52073 52074
52100 52101 52102 52113 52114
52115 52116 52117 52118 52119
52120 52121 52135 52136 52137
52138 52147 52148 52149 52150
52195 52196 52197 52205 52206
52207 52208 52209 52210 52215
52235 52251 52252 52253 52254
52255 52256 52278 52279 52280
52293 52294 52295 52296 52297
52298 52299 52300 52301 52302
52303 52304 52305 52306 52307
52308 52309 52310 52311 52356
52372 52373 52374 52375 52378
52379 52389 52390 52391 52392
52393 52394 52395 52396 52397
52398 52399 52400 52401 52402
52403 52404 52406 52407 52408
52409 52415 52428 52429 52430
52431 52432 52433 52434 52435
52436 52437 52438 52439 52442
52462 52463 52464 52465 52466
52467 52478 52479 52480 52489
52490 52491 52515 52516 52517
52527 52528 52529 52530 52558
52559 52560 52561 52575 52576
52584 52585 52586 52587 52588
52589 52590 52591 52628 52629
52638 52639 52670 52671 52672
52673 52674 52675 52676 52680
52681 52682 52703 52704 52718
52719 52720 52721 52722 52737
52738 52739 52740 52741 52742
52743 52763 52764 52765 52766
52778 52779 52780 52783 52784
52785 52786 52787 52788 52789
52790 52814 52815 52816 52817
52818 52819 52820 52821 52822
52823 52824 52825 52826 52827
52828 52829 52834 52835 52839
52840 52841 52842 52858 52886
52887 52888 52889 52920 52921
52922 52923 52924 52925 52935
52936 52954 52955 52999 53000
53001 53002 53014 53015 53016
53017 53018 53019 53020 53021
53031 53032 53033 53034 53035
53070 53071 53072 53073 53074
53075 53094 53095 53096 53097
53098 53099 53108 53109 53110
53111 53112 53113 53114 53115
53116 53117 53118 53119 53120
53121 53122 53123 53124 53125
53126 53131 53132 53133 53134
53135 53136 53137 53138 53139
53140 53151 53152 53153 53154
53155 53156 53162 53163 53164
53165 53166 53167 53168 53184
53185 53193 53194 53195 53196
53197 53200 53201 53206 53207
53208 53209 53210 53235 53236
53237 53271 53272 53273 53274
53309 53310 53311 53312 53313
53314 53315 53316 53317 53318
53319 53320 53321 53322 53323
53324 53325 53326 53327 53328
53333 53334 53335 53336 53337
53338 53339 53340 53341 53342
53343 53344 53345 53346 53347
53348 53349 53350 53351 53352
53353
